15.0 1.35277 13
15.1 1.35991 13
15.2 1.36683 13
15.3 1.37404 13
15.4 1.38102 13
15.5 1.38831 13
15.6 1.39536 13
15.7 1.40243 13
15.8 1.40924 13
15.9 1.41637 13
16.0 1.42354 13
16.1 1.43041 13
16.2 1.43763 13
16.3 1.44488 13
16.4 1.45181 13
16.5 1.45876 13
16.6 1.46610 13
16.7 1.47310 13
16.8 1.48012 13
16.9 1.48715 13
17.0 1.49421 13
17.1 1.50129 13
17.2 1.50839 13
17.3 1.51552 13
17.4 1.52267 13
17.5 1.52937 13
17.6 1.53656 13
17.7 1.54378 13
17.8 1.55052 13
17.9 1.55778 13
18.0 1.56454 13
18.1 1.57184 13
18.2 1.57863 13
18.3 1.58542 13
18.4 1.59279 13
18.5 1.59960 13
18.6 1.60643 13
18.7 1.61326 13
18.8 1.62010 13
18.9 1.62758 13
19.0 1.63445 13
19.1 1.64132 13
19.2 1.64821 13
19.3 1.65511 13
19.4 1.66201 13
19.5 1.66893 13
19.6 1.67585 13
19.7 1.68205 13
19.8 1.68899 13
19.9 1.69593 13
20.0 1.70289 13
20.1 1.70986 13
20.2 1.71684 13
20.3 1.72302 13
20.4 1.73001 13
20.5 1.73701 13
20.6 1.74317 13
20.7 1.75019 13
20.8 1.75722 13
20.9 1.76337 13
21.0 1.77041 13
21.1 1.77746 13
21.2 1.78360 13
21.3 1.79067 13
21.4 1.79678 13
21.5 1.80387 13
21.6 1.81097 13
21.7 1.81707 13
21.8 1.82419 13
21.9 1.83028 13
22.0 1.83873 13
22.1 1.84771 13
22.2 1.85831 13
22.3 1.86736 13
22.4 1.87644 13
22.5 1.88724 13
22.6 1.89639 13
22.7 1.90733 13
22.8 1.91656 13
22.9 1.92765 13
23.0 1.93696 13
23.1 1.94630 13
23.2 1.95759 13
23.3 1.96701 13
23.4 1.97646 13
23.5 1.98796 13
23.6 1.99748 13
23.7 20.70035 14
23.8 20.78501 14
23.9 20.85727 14
24.0 20.92639 14
24.1 20.99538 14
24.2 21.08025 14
24.3 21.14905 14
24.4 21.21768 14
24.5 21.30273 14
24.6 21.37118 14
24.7 21.43947 14
24.8 21.50759 14
24.9 21.59282 14
25.0 21.66077 14
25.1 21.72855 14
25.2 21.79617 14
25.3 21.86363 14
25.4 21.94908 14
25.5 22.01637 14
25.6 22.08351 14
25.7 22.15048 14
25.8 22.21730 14
25.9 22.30299 14
26.0 22.36965 14
26.1 22.43615 14
26.2 22.50250 14
26.3 22.56869 14
26.4 22.63472 14
26.5 22.72070 14
26.6 22.78659 14
26.7 22.85232 14
26.8 22.91790 14
26.9 22.98333 14
27.0 23.04860 14
27.1 23.11372 14
27.2 23.20005 14
27.3 23.26504 14
27.4 23.32988 14
27.5 23.39456 14
27.6 23.45910 14
27.7 23.52349 14
27.8 23.58773 14
27.9 5.72181 14
28.0 5.81340 14
28.1 5.93898 14
28.2 6.03225 14
28.3 6.12609 14
28.4 6.22051 14
28.5 6.31549 14
28.6 6.41104 14
28.7 6.50715 14
28.8 6.60382 14
28.9 6.70105 14
29.0 6.79883 14
29.1 6.89717 14
29.2 7.03594 14
29.3 7.13673 14
29.4 7.26281 14
29.5 7.38951 14
29.6 7.51682 14
29.7 7.64473 14
29.8 7.77325 14
29.9 7.90237 14
30.0 8.03208 14
30.1 8.16238 14
30.2 8.28130 14
30.3 8.41259 14
30.4 8.54445 14
30.5 8.67689 14
30.6 8.80990 14
30.7 8.94347 14
30.8 9.07760 14
30.9 9.21229 14
31.0 9.34753 14
31.1 9.48332 14
31.2 9.61965 14
31.3 9.75653 14
31.4 9.96149 14
31.5 10.10027 14
31.6 10.23959 14
31.7 10.37944 14
31.8 10.51981 14
31.9 10.66071 14
32.0 10.80213 14
32.1 10.94406 14
32.2 11.08650 14
32.3 11.22946 14
32.4 11.37292 14
32.5 11.51688 14
32.6 11.66133 14
32.7 11.80628 14
32.8 11.95173 14
32.9 12.09765 14
33.0 12.24407 14
33.1 12.39096 14
33.2 12.53832 14
33.3 12.68616 14
33.4 12.83447 14
33.5 12.98325 14
33.6 13.13249 14
33.7 13.28219 14
33.8 13.43234 14
33.9 13.58295 14
34.0 13.73401 14
34.1 13.88551 14
34.2 14.03745 14
34.3 14.18984 14
34.4 14.34266 14
34.5 14.49592 14
34.6 14.64960 14
34.7 14.80371 14
34.8 14.95823 14
34.9 15.11319 14
35.0 15.26856 14
35.1 15.42435 14
35.2 15.58055 14
35.3 15.73716 14
35.4 15.89417 14
35.5 16.05158 14
35.6 16.20940 14
35.7 16.36761 14
35.8 16.52621 14
35.9 16.68521 14
36.0 16.84459 14
36.1 17.00435 14
36.2 17.05116 14
36.3 17.21061 14
36.4 17.37044 14
36.5 17.53063 14
36.6 17.69119 14
36.7 17.85212 14
36.8 18.01340 14
36.9 18.17504 14
37.0 18.33704 14
37.1 18.49939 14
37.2 18.66208 14
37.3 18.82513 14
37.4 18.98851 14
37.5 19.15224 14
37.6 19.31631 14
37.7 19.48071 14
37.8 19.64545 14
37.9 19.81051 14
38.0 19.97591 14
38.1 20.14163 14
38.2 20.30767 14
38.3 20.47404 14
38.4 20.64072 14
38.5 20.80772 14
38.6 20.97503 14
38.7 21.14265 14
38.8 21.31058 14
38.9 21.47882 14
39.0 21.64736 14
39.1 21.81620 14
39.2 21.98534 14
39.3 22.15477 14
39.4 22.32450 14
39.5 22.49452 14
39.6 22.51370 14
39.7 22.68308 14
39.8 22.85274 14
39.9 23.02269 14
40.0 23.19291 14
40.1 23.36340 14
40.2 23.53416 14
40.3 23.70519 14
40.4 23.87649 14
40.5 24.04805 14
40.6 24.21988 14
40.7 24.39197 14
40.8 24.56431 14
40.9 24.73691 14
41.0 24.90977 14
41.1 25.08287 14
41.2 25.25623 14
41.3 25.42983 14
41.4 25.60368 14
41.5 25.77777 14
41.6 25.95211 14
41.7 26.12668 14
41.8 26.30149 14
41.9 26.47653 14
42.0 26.65181 14
42.1 26.64610 14
42.2 26.82054 14
42.3 26.99520 14
42.4 27.17009 14
42.5 27.34519 14
42.6 27.52051 14
42.7 27.69605 14
42.8 27.87180 14
42.9 28.04776 14
43.0 28.22393 14
43.1 28.40031 14
43.2 28.57690 14
43.3 28.75369 14
43.4 28.93069 14
43.5 29.10788 14
43.6 29.28528 14
43.7 29.46287 14
43.8 29.64066 14
43.9 29.81864 14
44.0 29.99682 14
44.1 30.17518 14
44.2 30.35373 14
44.3 30.53247 14
44.4 30.50100 14
44.5 30.67873 14
44.6 30.85664 14
44.7 31.03473 14
44.8 31.21300 14
44.9 31.39143 14
45.0 31.57004 14
45.1 31.74882 14
45.2 31.92777 14
45.3 32.10688 14
45.4 32.28616 14
45.5 32.46561 14
45.6 32.64521 14
45.7 32.82498 14
45.8 33.00490 14
45.9 33.12194 14
46.0 33.16559 14
46.1 33.20916 14
46.2 33.25265 14
46.3 33.29605 14
46.4 33.33937 14
46.5 33.32573 14
46.6 33.36870 14
46.7 33.41159 14
46.8 33.45440 14
46.9 33.49713 14
47.0 33.53977 14
47.1 33.58234 14
47.2 33.62483 14
47.3 33.66724 14
47.4 33.70957 14
47.5 33.75183 14
47.6 33.79400 14
47.7 33.83609 14
47.8 33.87811 14
47.9 33.92005 14
48.0 33.96191 14
48.1 34.00369 14
48.2 34.04540 14
48.3 34.08703 14
48.4 34.12858 14
48.5 34.17006 14
48.6 34.15089 14
48.7 34.19202 14
48.8 34.23308 14
48.9 34.27407 14
49.0 34.31498 14
49.1 34.35581 14
49.2 34.39657 14
49.3 34.43725 14
49.4 34.47786 14
49.5 34.51840 14
49.6 34.55886 14
49.7 34.59924 14
49.8 34.63956 14
49.9 34.67980 14
50.0 34.71996 14
50.1 34.76006 14
50.2 34.80008 14
50.3 34.84003 14
50.4 34.87990 14
50.5 34.91970 14
50.6 34.89543 14
50.7 34.93491 14
50.8 34.97431 14
50.9 35.01364 14
51.0 35.05290 14
51.1 35.09209 14
51.2 35.13121 14
51.3 35.17026 14
51.4 35.20923 14
51.5 35.24814 14
51.6 35.28698 14
51.7 35.32575 14
51.8 35.36444 14
51.9 35.40307 14
52.0 35.44163 14
52.1 35.48012 14
52.2 35.51855 14
52.3 35.55690 14
52.4 35.59518 14
52.5 35.63340 14
52.6 35.60418 14
52.7 35.64208 14
52.8 35.67991 14
52.9 35.71767 14
53.0 35.75537 14
53.1 35.79300 14
53.2 35.83056 14
53.3 35.86806 14
53.4 35.90549 14
53.5 35.94285 14
53.6 35.98015 14
53.7 36.01738 14
53.8 36.05454 14
53.9 36.09164 14
54.0 36.12868 14
54.1 36.16565 14
54.2 36.20255 14
54.3 36.23939 14
54.4 36.27617 14
54.5 36.31288 14
54.6 36.34953 14
54.7 36.31527 14
54.8 36.35160 14
54.9 36.38788 14
55.0 36.42409 14
55.1 36.46024 14
55.2 36.49632 14
55.3 36.53235 14
55.4 36.56831 14
55.5 36.60420 14
55.6 36.64004 14
55.7 36.67581 14
55.8 36.71152 14
55.9 36.74717 14
56.0 36.78276 14
56.1 36.81828 14
56.2 36.85375 14
56.3 36.88915 14
56.4 36.92449 14
56.5 36.95977 14
56.6 36.99499 14
56.7 37.03015 14
56.8 36.99101 14
56.9 37.02587 14
57.0 37.06067 14
57.1 37.09541 14
57.2 37.13009 14
57.3 37.16471 14
57.4 37.19928 14
57.5 37.23378 14
57.6 37.26823 14
57.7 37.30261 14
57.8 37.33694 14
57.9 37.37121 14
58.0 37.40542 14
58.1 37.43957 14
58.2 37.47367 14
58.3 37.50770 14
58.4 37.54168 14
58.5 37.57560 14
58.6 37.60946 14
58.7 37.64327 14
58.8 37.67702 14
58.9 37.63315 14
59.0 37.66661 14
59.1 37.70001 14
59.2 37.73336 14
59.3 37.76665 14
59.4 37.79989 14
59.5 37.83306 14
59.6 37.86619 14
59.7 37.89925 14
59.8 37.93227 14
59.9 37.96522 14
60.0 37.99812 14
60.1 38.03097 14
60.2 38.06376 14
60.3 38.09650 14
60.4 38.12918 14
60.5 38.16180 14
60.6 38.19438 14
60.7 38.22689 14
60.8 38.25936 14
60.9 38.29177 14
61.0 38.32413 14
61.1 38.27546 14
61.2 38.30754 14
61.3 38.33956 14
61.4 38.37153 14
61.5 38.40345 14
61.6 38.43531 14
61.7 38.46713 14
61.8 38.49888 14
61.9 38.53059 14
62.0 38.56224 14
62.1 38.59385 14
62.2 38.62540 14
62.3 38.65689 14
62.4 38.68834 14
62.5 38.71974 14
62.6 38.75108 14
62.7 38.78237 14
62.8 38.81361 14
62.9 38.84480 14
63.0 38.87594 14
63.1 38.90702 14
63.2 38.93806 14
63.3 38.96905 14
63.4 38.91553 14
63.5 38.94625 14
63.6 38.97692 14
63.7 39.00753 14
63.8 39.03810 14
63.9 39.06861 14
64.0 39.09908 14
64.1 39.12950 14
64.2 39.15986 14
64.3 39.19018 14
64.4 39.22045 14
64.5 39.25067 14
64.6 39.28084 14
64.7 39.31096 14
64.8 39.34104 14
64.9 39.37106 14
65.0 39.40104 14
65.1 39.43097 14
65.2 39.46085 14
65.3 39.49068 14
65.4 39.52046 14
65.5 39.55020 14
65.6 39.57989 14
65.7 39.52171 14
65.8 39.55114 14
65.9 39.58052 14
66.0 39.60985 14
66.1 39.63914 14
66.2 39.66838 14
66.3 39.69757 14
66.4 39.72672 14
66.5 39.75581 14
66.6 39.78487 14
66.7 39.81388 14
66.8 39.84284 14
66.9 39.87175 14
67.0 39.90062 14
67.1 39.92944 14
67.2 39.95822 14
67.3 39.98695 14
67.4 40.01564 14
67.5 40.04428 14
67.6 40.07287 14
67.7 40.10142 14
67.8 40.12993 14
67.9 40.15839 14
68.0 40.18680 14
68.1 40.12392 14
68.2 40.15208 14
68.3 40.18020 14
68.4 40.20828 14
68.5 40.23631 14
68.6 40.26430 14
68.7 40.29224 14
68.8 40.32014 14
68.9 40.34799 14
69.0 40.37580 14
69.1 40.40357 14
69.2 40.43130 14
69.3 40.45898 14
69.4 40.48661 14
69.5 40.51421 14
69.6 40.54176 14
69.7 40.56927 14
69.8 40.59673 14
69.9 40.62416 14
70.0 40.65154 14
70.1 40.67888 14
70.2 40.70617 14
70.3 40.73342 14
70.4 40.76063 14
70.5 40.78780 14
70.6 40.72020 14
70.7 40.74713 14
70.8 40.77401 14
70.9 40.80085 14
71.0 40.82765 14
71.1 40.85441 14
71.2 40.88113 14
71.3 40.90781 14
71.4 40.93445 14
71.5 40.96104 14
71.6 40.98760 14
71.7 41.01411 14
71.8 41.04058 14
71.9 41.06702 14
72.0 41.09341 14
72.1 41.11976 14
72.2 41.14607 14
72.3 41.17234 14
72.4 41.19857 14
72.5 41.22476 14
72.6 41.25091 14
72.7 41.27702 14
72.8 41.30309 14
72.9 41.32912 14
73.0 41.35511 14
73.1 41.28298 14
73.2 41.30874 14
73.3 41.33445 14
73.4 41.36013 14
73.5 41.38577 14
73.6 41.41137 14
73.7 41.43694 14
73.8 41.46246 14
73.9 41.48795 14
74.0 41.51339 14
74.1 41.53880 14
74.2 41.56417 14
74.3 41.58950 14
74.4 41.61479 14
74.5 41.64005 14
74.6 41.66526 14
74.7 41.69044 14
74.8 41.71558 14
74.9 41.74069 14
75.0 41.76575 14
75.1 41.79078 14
75.2 41.81577 14
75.3 41.84072 14
75.4 41.86564 14
75.5 41.89051 14
75.6 41.91536 14
75.7 41.94016 14
75.8 41.86331 14
75.9 41.88789 14
76.0 41.91243 14
76.1 41.93693 14
76.2 41.96140 14
76.3 41.98583 14
76.4 42.01023 14
76.5 42.03459 14
76.6 42.05891 14
76.7 42.08320 14
76.8 42.10745 14
76.9 42.13167 14
77.0 42.15585 14
77.1 42.17999 14
77.2 42.20410 14
77.3 42.22817 14
77.4 42.25221 14
77.5 42.27621 14
77.6 42.30017 14
77.7 42.32410 14
77.8 42.34800 14
77.9 42.37185 14
78.0 42.39568 14
78.1 42.41947 14
78.2 42.44322 14
78.3 42.46694 14
78.4 42.49063 14
78.5 42.51428 14
78.6 42.53789 14
78.7 42.45616 14
78.8 42.47956 14
78.9 42.50293 14
79.0 42.52626 14
79.1 42.54956 14
79.2 42.57282 14
79.3 42.59605 14
79.4 42.61924 14
79.5 42.64240 14
79.6 42.66553 14
79.7 42.68862 14
79.8 42.71168 14
79.9 42.73471 14
80.0 42.75770 14
80.1 42.78066 14
80.2 42.80359 14
80.3 42.82648 14
80.4 42.84934 14
80.5 42.87217 14
80.6 42.89496 14
80.7 42.91772 14
80.8 42.94045 14
80.9 42.96314 14
81.0 42.98580 14
81.1 43.00843 14
81.2 43.03103 14
81.3 43.05359 14
81.4 43.07612 14
81.5 43.09862 14
81.6 43.01225 14
81.7 43.03454 14
81.8 43.05680 14
81.9 43.07903 14
82.0 43.10122 14
82.1 43.12339 14
82.2 43.14552 14
82.3 43.16762 14
82.4 43.18969 14
82.5 43.21173 14
82.6 43.23373 14
82.7 43.25571 14
82.8 43.27765 14
82.9 43.29956 14
83.0 43.32144 14
83.1 43.34329 14
83.2 43.36511 14
83.3 43.38690 14
83.4 43.40865 14
83.5 43.43038 14
83.6 43.45207 14
83.7 43.47373 14
83.8 43.49537 14
83.9 43.51697 14
84.0 43.53854 14
84.1 43.56008 14
84.2 43.58159 14
84.3 43.60307 14
84.4 43.62452 14
84.5 43.64594 14
84.6 43.66733 14
84.7 43.57619 14
84.8 43.59738 14
84.9 43.61854 14
85.0 43.63967 14
85.1 43.66077 14
85.2 43.68184 14
85.3 43.70288 14
85.4 43.72390 14
85.5 43.74488 14
85.6 43.76583 14
85.7 43.78676 14
85.8 43.80765 14
85.9 43.82852 14
86.0 43.84935 14
86.1 43.87016 14
86.2 43.89094 14
86.3 43.91169 14
86.4 43.93241 14
86.5 43.95310 14
86.6 43.97376 14
86.7 43.99439 14
86.8 44.01500 14
86.9 44.03557 14
87.0 44.05612 14
87.1 44.07664 14
87.2 44.09713 14
87.3 44.11759 14
87.4 44.13802 14
87.5 44.15843 14
87.6 44.17880 14
87.7 44.19915 14
87.8 44.21947 14
87.9 44.23976 14
88.0 44.14377 14
88.1 44.16387 14
88.2 44.18395 14
88.3 44.20400 14
88.4 44.22402 14
88.5 44.24401 14
88.6 44.26397 14
88.7 44.28391 14
88.8 44.30382 14
88.9 44.32370 14
89.0 44.34356 14
89.1 44.36338 14
89.2 44.38318 14
89.3 44.40296 14
89.4 44.42270 14
89.5 44.44242 14
89.6 44.46211 14
89.7 44.48178 14
89.8 44.50141 14
89.9 44.52103 14
90.0 44.54061 14
90.1 44.56017 14
90.2 44.57970 14
90.3 44.59920 14
90.4 44.61868 14
90.5 44.63813 14
90.6 44.65755 14
90.7 44.67695 14
90.8 44.69632 14
90.9 44.71567 14
91.0 44.73499 14
91.1 44.75428 14
91.2 44.77355 14
91.3 44.79279 14
91.4 44.69205 14
91.5 44.71111 14
91.6 44.73014 14
91.7 44.74915 14
91.8 44.76813 14
91.9 44.78709 14
92.0 44.80602 14
92.1 44.82493 14
92.2 44.84381 14
92.3 44.86266 14
92.4 44.88149 14
92.5 44.90029 14
92.6 44.91907 14
92.7 44.93783 14
92.8 44.95655 14
92.9 44.97526 14
93.0 44.99393 14
93.1 45.01259 14
93.2 45.03122 14
93.3 45.04982 14
93.4 45.06840 14
93.5 45.08695 14
93.6 45.10548 14
93.7 45.12398 14
93.8 45.14246 14
93.9 45.16091 14
94.0 45.17934 14
94.1 45.19775 14
94.2 45.21613 14
94.3 45.23448 14
94.4 45.25282 14
94.5 45.27112 14
94.6 45.28941 14
94.7 45.30767 14
94.8 45.32590 14
94.9 45.34411 14
95.0 45.23857 14
95.1 45.25661 14
95.2 45.27463 14
95.3 45.29262 14
95.4 45.31058 14
95.5 45.32852 14
95.6 45.34644 14
95.7 45.36434 14
95.8 45.38221 14
95.9 45.40006 14
96.0 45.41788 14
96.1 45.43568 14
96.2 45.45346 14
96.3 45.47121 14
96.4 45.48894 14
96.5 45.50665 14
96.6 45.52433 14
96.7 45.54199 14
96.8 45.55963 14
96.9 45.57725 14
97.0 45.59484 14
97.1 45.61241 14
97.2 45.62995 14
97.3 45.64747 14
97.4 45.66497 14
97.5 45.68245 14
97.6 45.69990 14
97.7 45.71733 14
97.8 45.73474 14
97.9 45.75212 14
98.0 45.76949 14
98.1 45.78683 14
98.2 45.80414 14
98.3 45.82144 14
98.4 45.83871 14
98.5 45.85596 14
98.6 45.87319 14
98.7 45.89039 14
98.8 45.90758 14
98.9 45.79710 14
99.0 45.81412 14
99.1 45.83111 14
99.2 45.84809 14
99.3 45.86504 14
99.4 45.88197 14
99.5 45.89888 14
99.6 45.91577 14
99.7 45.93263 14
99.8 45.94948 14
99.9 45.96630 14
100.0 45.98310 14
100.1 45.99988 14
100.2 46.01663 14
100.3 46.03337 14
100.4 46.05008 14
100.5 46.06678 14
100.6 46.08345 14
100.7 46.10010 14
100.8 46.11672 14
100.9 46.13333 14
101.0 46.14992 14
101.1 46.16648 14
101.2 46.18302 14
101.3 46.19955 14
101.4 46.21605 14
101.5 46.23253 14
101.6 46.24898 14
101.7 46.26542 14
101.8 46.28184 14
101.9 46.29823 14
102.0 46.31461 14
102.1 46.33096 14
102.2 46.34730 14
102.3 46.36361 14
102.4 46.37990 14
102.5 46.39617 14
102.6 46.41242 14
102.7 46.42865 14
102.8 46.44486 14
102.9 46.46105 14
103.0 46.34565 14
103.1 46.36168 14
103.2 46.37770 14
103.3 46.39369 14
103.4 46.40966 14
103.5 46.42561 14
103.6 46.44154 14
103.7 46.45746 14
103.8 46.47335 14
103.9 46.48922 14
104.0 46.50507 14
104.1 46.52090 14
104.2 46.53671 14
104.3 46.55251 14
104.4 46.56828 14
104.5 46.58403 14
104.6 46.59976 14
104.7 46.61547 14
104.8 46.63117 14
104.9 46.64684 14
105.0 46.66249 14
105.1 46.67813 14
105.2 46.69374 14
105.3 46.70934 14
105.4 46.72491 14
105.5 46.74047 14
105.6 46.75600 14
105.7 46.77152 14
105.8 46.78702 14
105.9 46.80249 14
106.0 46.81795 14
106.1 46.83339 14
106.2 46.84881 14
106.3 46.86421 14
106.4 46.87960 14
106.5 46.89496 14
106.6 46.91030 14
106.7 46.92563 14
106.8 46.94093 14
106.9 46.95622 14
107.0 46.97149 14
107.1 46.98674 14
107.2 47.00197 14
107.3 47.01718 14
107.4 46.89679 14
107.5 46.91185 14
107.6 46.92690 14
107.7 46.94192 14
107.8 46.95693 14
107.9 46.97192 14
108.0 46.98689 14
108.1 47.00185 14
108.2 47.01678 14
108.3 47.03170 14
108.4 47.04659 14
108.5 47.06147 14
108.6 47.07633 14
108.7 47.09118 14
108.8 47.10600 14
108.9 47.12081 14
109.0 47.13559 14
109.1 47.15036 14
109.2 47.16512 14
109.3 47.17985 14
109.4 47.19457 14
109.5 47.20926 14
109.6 47.22394 14
109.7 47.23861 14
109.8 47.25325 14
109.9 47.26788 14
110.0 47.28248 14
110.1 47.29707 14
110.2 47.31165 14
110.3 47.32620 14
110.4 47.34074 14
110.5 47.35526 14
110.6 47.36976 14
110.7 47.38424 14
110.8 47.39871 14
110.9 47.41316 14
111.0 47.42759 14
111.1 47.44200 14
111.2 47.45640 14
111.3 47.47078 14
111.4 47.48514 14
111.5 47.49949 14
111.6 47.51381 14
111.7 47.52812 14
111.8 47.54242 14
111.9 47.55669 14
112.0 47.57095 14
112.1 47.44553 14
112.2 47.45965 14
112.3 47.47375 14
112.4 47.48783 14
112.5 47.50190 14
112.6 47.51595 14
112.7 47.52999 14
112.8 47.54400 14
112.9 47.55801 14
113.0 47.57199 14
113.1 47.58596 14
113.2 47.59991 14
113.3 47.61384 14
113.4 47.62776 14
113.5 47.64166 14
113.6 47.65554 14
113.7 47.66941 14
113.8 47.68326 14
113.9 47.69709 14
114.0 47.71091 14
114.1 47.72471 14
114.2 47.73849 14
114.3 47.75226 14
114.4 47.76601 14
114.5 47.77974 14
114.6 47.79346 14
114.7 47.80716 14
114.8 47.82085 14
114.9 47.83452 14
115.0 47.84817 14
115.1 47.86181 14
115.2 47.87543 14
115.3 47.88904 14
115.4 47.90262 14
115.5 47.91620 14
115.6 47.92975 14
115.7 47.94329 14
115.8 47.95682 14
115.9 47.97033 14
116.0 47.98382 14
116.1 47.99730 14
116.2 48.01076 14
116.3 48.02420 14
116.4 48.03763 14
116.5 48.05104 14
116.6 48.06444 14
116.7 48.07782 14
116.8 48.09119 14
116.9 48.10454 14
117.0 48.11787 14
117.1 48.13119 14
117.2 48.00063 14
117.3 48.01382 14
117.4 48.02699 14
117.5 48.04015 14
117.6 48.05329 14
117.7 48.06642 14
117.8 48.07953 14
117.9 48.09262 14
118.0 48.10570 14
118.1 48.11877 14
118.2 48.13182 14
118.3 48.14485 14
118.4 48.15787 14
118.5 48.17088 14
118.6 48.18386 14
118.7 48.19684 14
118.8 48.20980 14
118.9 48.22274 14
119.0 48.23567 14
119.1 48.24858 14
119.2 48.26148 14
119.3 48.27436 14
119.4 48.28723 14
119.5 48.30009 14
119.6 48.31292 14
119.7 48.32575 14
119.8 48.33856 14
119.9 48.35135 14
120.0 48.36413 14
120.1 48.37689 14
120.2 48.38964 14
120.3 48.40238 14
120.4 48.41510 14
120.5 48.42780 14
120.6 48.44049 14
120.7 48.45317 14
120.8 48.46583 14
120.9 48.47848 14
121.0 48.49111 14
121.1 48.50373 14
121.2 48.51633 14
121.3 48.52892 14
121.4 48.54149 14
121.5 48.55405 14
121.6 48.56660 14
121.7 48.57913 14
121.8 48.59165 14
121.9 48.60415 14
122.0 48.61664 14
122.1 48.62911 14
122.2 48.64157 14
122.3 48.65402 14
122.4 48.66645 14
122.5 48.67886 14
122.6 48.54322 14
122.7 48.55551 14
122.8 48.56779 14
122.9 48.58006 14
123.0 48.59231 14
123.1 48.60455 14
123.2 48.61677 14
123.3 48.62898 14
123.4 48.64118 14
123.5 48.65336 14
123.6 48.66553 14
123.7 48.67768 14
123.8 48.68983 14
123.9 48.70195 14
124.0 48.71407 14
124.1 48.72617 14
124.2 48.73825 14
124.3 48.75032 14
124.4 48.76238 14
124.5 48.77443 14
124.6 48.78646 14
124.7 48.79847 14
124.8 48.81048 14
124.9 48.82247 14
125.0 48.83445 14
125.1 48.84641 14
125.2 48.85836 14
125.3 48.87030 14
125.4 48.88222 14
125.5 48.89413 14
125.6 48.90602 14
125.7 48.91791 14
125.8 48.92978 14
125.9 48.94163 14
126.0 48.95347 14
126.1 48.96530 14
126.2 48.97712 14
126.3 48.98892 14
126.4 49.00071 14
126.5 49.01249 14
126.6 49.02425 14
126.7 49.03600 14
126.8 49.04774 14
126.9 49.05946 14
127.0 49.07117 14
127.1 49.08287 14
127.2 49.09455 14
127.3 49.10623 14
127.4 49.11788 14
127.5 49.12953 14
127.6 49.14116 14
127.7 49.15278 14
127.8 49.16439 14
127.9 49.17598 14
128.0 49.18756 14
128.1 49.19913 14
128.2 49.21069 14
128.3 49.22223 14
128.4 49.23376 14
128.5 49.09291 14
128.6 49.10433 14
128.7 49.11573 14
128.8 49.12712 14
128.9 49.13850 14
129.0 49.14986 14
129.1 49.16121 14
129.2 49.17255 14
129.3 49.18388 14
129.4 49.19519 14
129.5 49.20649 14
129.6 49.21778 14
129.7 49.22906 14
129.8 49.24032 14
129.9 49.25157 14
130.0 49.26281 14
130.1 49.27404 14
130.2 49.28526 14
130.3 49.29646 14
130.4 49.30765 14
130.5 49.31883 14
130.6 49.32999 14
130.7 49.34114 14
130.8 49.35228 14
130.9 49.36341 14
131.0 49.37453 14
131.1 49.38563 14
131.2 49.39673 14
131.3 49.40781 14
131.4 49.41887 14
131.5 49.42993 14
131.6 49.44097 14
131.7 49.45200 14
131.8 49.46302 14
131.9 49.47403 14
132.0 49.48503 14
132.1 49.49601 14
132.2 49.50698 14
132.3 49.51794 14
132.4 49.52889 14
132.5 49.53982 14
132.6 49.55075 14
132.7 49.56166 14
132.8 49.57256 14
132.9 49.58345 14
133.0 49.59432 14
133.1 49.60519 14
133.2 49.61604 14
133.3 49.62688 14
133.4 49.63771 14
133.5 49.64853 14
133.6 49.65933 14
133.7 49.67013 14
133.8 49.68091 14
133.9 49.69168 14
134.0 49.70244 14
134.1 49.71319 14
134.2 49.72392 14
134.3 49.73465 14
134.4 49.74536 14
134.5 49.75606 14
134.6 49.76675 14
134.7 49.77743 14
134.8 49.78809 14
134.9 49.79875 14
135.0 49.65256 14
135.1 49.66311 14
135.2 49.67365 14
135.3 49.68417 14
135.4 49.69469 14
135.5 49.70519 14
135.6 49.71568 14
135.7 49.72616 14
135.8 49.73663 14
135.9 49.74709 14
136.0 49.75754 14
136.1 49.76797 14
136.2 49.77840 14
136.3 49.78881 14
136.4 49.79921 14
136.5 49.80960 14
136.6 49.81998 14
136.7 49.83035 14
136.8 49.84071 14
136.9 49.85106 14
137.0 49.86139 14
137.1 49.87172 14
137.2 49.88203 14
137.3 49.89233 14
137.4 49.90263 14
137.5 49.91291 14
137.6 49.92318 14
137.7 49.93344 14
137.8 49.94368 14
137.9 49.95392 14
138.0 49.96415 14
138.1 49.97436 14
138.2 49.98457 14
138.3 49.99476 14
138.4 50.00495 14
138.5 50.01512 14
138.6 50.02528 14
138.7 50.03543 14
138.8 50.04557 14
138.9 50.05570 14
139.0 50.06582 14
139.1 50.07593 14
139.2 50.08603 14
139.3 50.09611 14
139.4 50.10619 14
139.5 50.11626 14
139.6 50.12631 14
139.7 50.13636 14
139.8 50.14639 14
139.9 50.15641 14
140.0 50.16643 14
140.1 50.17643 14
140.2 50.18642 14
140.3 50.19640 14
140.4 50.20637 14
140.5 50.21633 14
140.6 50.22628 14
140.7 50.23622 14
140.8 50.24615 14
140.9 50.25607 14
141.0 50.26598 14
141.1 50.27588 14
141.2 50.28577 14
141.3 50.29564 14
141.4 50.30551 14
141.5 50.31537 14
141.6 50.32521 14
141.7 50.33505 14
141.8 50.34488 14
141.9 50.35469 14
142.0 50.36450 14
142.1 50.21290 14
142.2 50.22261 14
142.3 50.23231 14
142.4 50.24199 14
142.5 50.25167 14
142.6 50.26134 14
142.7 50.27099 14
142.8 50.28064 14
142.9 50.29028 14
143.0 50.29990 14
143.1 50.30952 14
143.2 50.31913 14
143.3 50.32872 14
143.4 50.33831 14
143.5 50.34789 14
143.6 50.35745 14
143.7 50.36701 14
143.8 50.37656 14
143.9 50.38610 14
144.0 50.39562 14
144.1 50.40514 14
144.2 50.41465 14
144.3 50.42415 14
144.4 50.43364 14
144.5 50.44311 14
144.6 50.45258 14
144.7 50.46204 14
144.8 50.47149 14
144.9 50.48093 14
145.0 50.49036 14
145.1 50.49978 14
145.2 50.50919 14
145.3 50.51859 14
145.4 50.52798 14
145.5 50.53737 14
145.6 50.54674 14
145.7 50.55610 14
145.8 50.56545 14
145.9 50.57480 14
146.0 50.58413 14
146.1 50.59345 14
146.2 50.60277 14
146.3 50.61207 14
146.4 50.62137 14
146.5 50.63066 14
146.6 50.63993 14
146.7 50.64920 14
146.8 50.65846 14
146.9 50.66771 14
147.0 50.67695 14
147.1 50.68618 14
147.2 50.69540 14
147.3 50.70461 14
147.4 50.71381 14
147.5 50.72300 14
147.6 50.73219 14
147.7 50.74136 14
147.8 50.75052 14
147.9 50.75968 14
148.0 50.76882 14
148.1 50.77796 14
148.2 50.78709 14
148.3 50.79621 14
148.4 50.80532 14
148.5 50.81442 14
148.6 50.82351 14
148.7 50.83259 14
148.8 50.84166 14
148.9 50.85072 14
149.0 50.85978 14
149.1 50.86882 14
149.2 50.87786 14
149.3 50.88688 14
149.4 50.89590 14
149.5 50.90491 14
149.6 50.91391 14
149.7 50.92290 14
149.8 50.93188 14
149.9 50.77481 14
