15.0 1.33003 13
15.1 1.33683 13
15.2 1.34367 13
15.3 1.35031 13
15.4 1.35725 13
15.5 1.36397 13
15.6 1.37074 13
15.7 1.37754 13
15.8 1.38439 13
15.9 1.39096 13
16.0 1.39789 13
16.1 1.40453 13
16.2 1.41121 13
16.3 1.41826 13
16.4 1.42500 13
16.5 1.43177 13
16.6 1.43857 13
16.7 1.44542 13
16.8 1.45229 13
16.9 1.45920 13
17.0 1.46572 13
17.1 1.47271 13
17.2 1.47927 13
17.3 1.48632 13
17.4 1.49294 13
17.5 1.49957 13
17.6 1.50623 13
17.7 1.51291 13
17.8 1.51961 13
17.9 1.52634 13
18.0 1.53309 13
18.1 1.53987 13
18.2 1.54668 13
18.3 1.55351 13
18.4 1.55976 13
18.5 1.56664 13
18.6 1.57354 13
18.7 1.57983 13
18.8 1.58679 13
18.9 1.59310 13
19.0 1.60010 13
19.1 1.60643 13
19.2 1.61277 13
19.3 1.61985 13
19.4 1.62621 13
19.5 1.63259 13
19.6 1.63897 13
19.7 1.64535 13
19.8 1.65255 13
19.9 1.65897 13
20.0 1.66539 13
20.1 1.67183 13
20.2 1.67827 13
20.3 1.68473 13
20.4 1.69119 13
20.5 1.69766 13
20.6 1.70414 13
20.7 1.71064 13
20.8 1.71619 13
20.9 1.72269 13
21.0 1.72920 13
21.1 1.73573 13
21.2 1.74226 13
21.3 1.74778 13
21.4 1.75433 13
21.5 1.76088 13
21.6 1.76745 13
21.7 1.77295 13
21.8 1.77953 13
21.9 1.78612 13
22.0 1.79159 13
22.1 1.79819 13
22.2 1.80481 13
22.3 1.81026 13
22.4 1.81689 13
22.5 1.82232 13
22.6 1.82896 13
22.7 1.83562 13
22.8 1.84103 13
22.9 1.84770 13
23.0 1.85309 13
23.1 1.85978 13
23.2 1.86515 13
23.3 1.87185 13
23.4 1.87720 13
23.5 1.88254 13
23.6 1.88925 13
23.7 1.89457 13
23.8 1.90131 13
23.9 1.90661 13
24.0 1.91336 13
24.1 1.91864 13
24.2 1.92391 13
24.3 1.93068 13
24.4 1.93593 13
24.5 1.94271 13
24.6 1.94795 13
24.7 1.95317 13
24.8 1.95997 13
24.9 1.96517 13
25.0 1.97036 13
25.1 1.97718 13
25.2 1.98236 13
25.3 1.98751 13
25.4 1.99436 13
25.5 1.99949 13
25.6 20.82434 14
25.7 20.88106 14
25.8 20.95725 14
25.9 21.01373 14
26.0 21.07003 14
26.1 21.12613 14
26.2 21.20246 14
26.3 21.25834 14
26.4 21.31403 14
26.5 21.36953 14
26.6 21.44599 14
26.7 21.50128 14
26.8 21.55638 14
26.9 21.61129 14
27.0 21.68792 14
27.1 21.74262 14
27.2 21.79714 14
27.3 21.85147 14
27.4 21.90561 14
27.5 21.98241 14
27.6 22.03636 14
27.7 22.09012 14
27.8 22.14370 14
27.9 22.19710 14
28.0 22.25032 14
28.1 22.32730 14
28.2 22.38032 14
28.3 22.43317 14
28.4 22.48583 14
28.5 22.53832 14
28.6 22.59063 14
28.7 22.66782 14
28.8 22.71995 14
28.9 22.77189 14
29.0 22.82366 14
29.1 22.87526 14
29.2 22.92667 14
29.3 22.97792 14
29.4 23.05536 14
29.5 23.10643 14
29.6 23.15733 14
29.7 5.74446 14
29.8 5.83916 14
29.9 5.93417 14
30.0 6.02946 14
30.1 6.12504 14
30.2 6.22090 14
30.3 6.37155 14
30.4 6.46863 14
30.5 6.56599 14
30.6 6.66360 14
30.7 6.76148 14
30.8 6.85962 14
30.9 6.95801 14
31.0 7.05664 14
31.1 7.15552 14
31.2 7.25464 14
31.3 7.41593 14
31.4 7.51623 14
31.5 7.61675 14
31.6 7.71750 14
31.7 7.81847 14
31.8 7.91966 14
31.9 8.02106 14
32.0 8.12266 14
32.1 8.22447 14
32.2 8.32648 14
32.3 8.42869 14
32.4 8.53108 14
32.5 8.63366 14
32.6 8.73643 14
32.7 8.91222 14
32.8 9.01611 14
32.9 9.12017 14
33.0 9.22440 14
33.1 9.32880 14
33.2 9.43336 14
33.3 9.53808 14
33.4 9.64295 14
33.5 9.74798 14
33.6 9.85315 14
33.7 9.95847 14
33.8 10.06393 14
33.9 10.16953 14
34.0 10.27526 14
34.1 10.38112 14
34.2 10.48711 14
34.3 10.59322 14
34.4 10.69945 14
34.5 10.80580 14
34.6 10.91226 14
34.7 11.10827 14
34.8 11.21578 14
34.9 11.32339 14
35.0 11.43110 14
35.1 11.53891 14
35.2 11.64681 14
35.3 11.75481 14
35.4 11.86289 14
35.5 11.97107 14
35.6 12.07932 14
35.7 12.18766 14
35.8 12.29607 14
35.9 12.40456 14
36.0 12.51312 14
36.1 12.62174 14
36.2 12.73043 14
36.3 12.83919 14
36.4 12.94800 14
36.5 13.05687 14
36.6 13.16579 14
36.7 13.27476 14
36.8 13.38378 14
36.9 13.49284 14
37.0 13.60195 14
37.1 13.71110 14
37.2 13.82028 14
37.3 13.92950 14
37.4 14.03875 14
37.5 14.14803 14
37.6 14.25734 14
37.7 14.36667 14
37.8 14.47602 14
37.9 14.58539 14
38.0 14.69477 14
38.1 14.80417 14
38.2 14.91359 14
38.3 15.02301 14
38.4 15.13243 14
38.5 15.24187 14
38.6 15.35130 14
38.7 15.46073 14
38.8 15.57016 14
38.9 15.67959 14
39.0 15.78901 14
39.1 16.02749 14
39.2 16.13781 14
39.3 16.24812 14
39.4 16.35842 14
39.5 16.46870 14
39.6 16.57896 14
39.7 16.68920 14
39.8 16.79942 14
39.9 16.90962 14
40.0 17.01978 14
40.1 17.12992 14
40.2 17.24003 14
40.3 17.35010 14
40.4 17.46014 14
40.5 17.57015 14
40.6 17.68011 14
40.7 17.79003 14
40.8 17.89991 14
40.9 18.00975 14
41.0 18.11954 14
41.1 18.22928 14
41.2 18.33897 14
41.3 18.44861 14
41.4 18.55820 14
41.5 18.66773 14
41.6 18.77721 14
41.7 18.88662 14
41.8 18.99598 14
41.9 19.10527 14
42.0 19.21451 14
42.1 19.32367 14
42.2 19.43277 14
42.3 19.54180 14
42.4 19.65076 14
42.5 19.75965 14
42.6 19.86847 14
42.7 19.97721 14
42.8 20.08587 14
42.9 20.19446 14
43.0 20.30297 14
43.1 20.41140 14
43.2 20.51975 14
43.3 20.62801 14
43.4 20.73619 14
43.5 20.84428 14
43.6 20.95229 14
43.7 21.06020 14
43.8 21.16803 14
43.9 21.27576 14
44.0 21.38341 14
44.1 21.49095 14
44.2 21.59841 14
44.3 21.70576 14
44.4 21.81302 14
44.5 21.92018 14
44.6 22.02724 14
44.7 22.13420 14
44.8 22.24105 14
44.9 22.34781 14
45.0 22.45445 14
45.1 22.37434 14
45.2 22.47979 14
45.3 22.58513 14
45.4 22.69036 14
45.5 22.79548 14
45.6 22.90049 14
45.7 23.00539 14
45.8 23.11017 14
45.9 23.21484 14
46.0 23.31939 14
46.1 23.42382 14
46.2 23.52814 14
46.3 23.63233 14
46.4 23.73641 14
46.5 23.84037 14
46.6 23.94420 14
46.7 24.04792 14
46.8 24.15150 14
46.9 24.25497 14
47.0 24.35831 14
47.1 24.46152 14
47.2 24.56461 14
47.3 24.66757 14
47.4 24.77040 14
47.5 24.87310 14
47.6 24.97567 14
47.7 25.07811 14
47.8 25.18042 14
47.9 25.28259 14
48.0 25.38461 14
48.1 25.48652 14
48.2 25.58829 14
48.3 25.68993 14
48.4 25.79144 14
48.5 25.89280 14
48.6 25.99403 14
48.7 26.09512 14
48.8 26.19607 14
48.9 26.29689 14
49.0 26.39756 14
49.1 26.49809 14
49.2 26.59848 14
49.3 26.69873 14
49.4 26.79883 14
49.5 26.89880 14
49.6 26.99862 14
49.7 27.09829 14
49.8 27.19782 14
49.9 27.29721 14
50.0 27.39644 14
50.1 27.49554 14
50.2 27.59448 14
50.3 27.69328 14
50.4 27.79193 14
50.5 27.89043 14
50.6 27.98878 14
50.7 28.08699 14
50.8 28.18504 14
50.9 28.28294 14
51.0 28.38070 14
51.1 28.47830 14
51.2 28.57574 14
51.3 28.67304 14
51.4 28.77019 14
51.5 28.86718 14
51.6 28.96401 14
51.7 29.06070 14
51.8 29.15723 14
51.9 29.25360 14
52.0 29.34982 14
52.1 29.44589 14
52.2 29.54180 14
52.3 29.63755 14
52.4 29.73315 14
52.5 29.82859 14
52.6 29.92387 14
52.7 30.01900 14
52.8 30.11397 14
52.9 30.20878 14
53.0 30.30343 14
53.1 30.39793 14
53.2 30.49226 14
53.3 30.58644 14
53.4 30.68045 14
53.5 30.77431 14
53.6 30.86801 14
53.7 30.96155 14
53.8 31.05492 14
53.9 31.14814 14
54.0 31.24119 14
54.1 31.33409 14
54.2 31.42682 14
54.3 31.51939 14
54.4 31.61180 14
54.5 31.70405 14
54.6 31.79614 14
54.7 31.88806 14
54.8 31.97982 14
54.9 31.79133 14
55.0 31.88181 14
55.1 31.97214 14
55.2 32.01923 14
55.3 32.04087 14
55.4 32.06245 14
55.5 32.08395 14
55.6 32.10538 14
55.7 32.12675 14
55.8 32.14804 14
55.9 32.16927 14
56.0 32.19042 14
56.1 32.21151 14
56.2 32.23254 14
56.3 32.25349 14
56.4 32.27438 14
56.5 32.29519 14
56.6 32.31595 14
56.7 32.33663 14
56.8 32.35725 14
56.9 32.37780 14
57.0 32.39829 14
57.1 32.41871 14
57.2 32.43906 14
57.3 32.45935 14
57.4 32.47958 14
57.5 32.49974 14
57.6 32.51983 14
57.7 32.53986 14
57.8 32.55983 14
57.9 32.57973 14
58.0 32.59957 14
58.1 32.61935 14
58.2 32.63906 14
58.3 32.65871 14
58.4 32.67830 14
58.5 32.69782 14
58.6 32.71729 14
58.7 32.73669 14
58.8 32.75602 14
58.9 32.77530 14
59.0 32.79452 14
59.1 32.81367 14
59.2 32.83277 14
59.3 32.85180 14
59.4 32.87077 14
59.5 32.88968 14
59.6 32.90854 14
59.7 32.92733 14
59.8 32.94606 14
59.9 32.96474 14
60.0 32.98335 14
60.1 33.00191 14
60.2 33.02040 14
60.3 33.03884 14
60.4 33.05722 14
60.5 33.07554 14
60.6 33.09381 14
60.7 33.11202 14
60.8 33.13017 14
60.9 33.14826 14
61.0 33.16629 14
61.1 33.18427 14
61.2 33.20219 14
61.3 33.22006 14
61.4 33.23787 14
61.5 33.25562 14
61.6 33.27332 14
61.7 33.29096 14
61.8 33.30855 14
61.9 33.32608 14
62.0 33.34356 14
62.1 33.36098 14
62.2 33.37835 14
62.3 33.39566 14
62.4 33.41292 14
62.5 33.43013 14
62.6 33.44728 14
62.7 33.46438 14
62.8 33.48142 14
62.9 33.49841 14
63.0 33.51535 14
63.1 33.53223 14
63.2 33.54907 14
63.3 33.56585 14
63.4 33.58258 14
63.5 33.52186 14
63.6 33.53838 14
63.7 33.55484 14
63.8 33.57126 14
63.9 33.58762 14
64.0 33.60393 14
64.1 33.62019 14
64.2 33.63640 14
64.3 33.65256 14
64.4 33.66867 14
64.5 33.68473 14
64.6 33.70074 14
64.7 33.71671 14
64.8 33.73262 14
64.9 33.74848 14
65.0 33.76429 14
65.1 33.78006 14
65.2 33.79577 14
65.3 33.81144 14
65.4 33.82706 14
65.5 33.84263 14
65.6 33.85815 14
65.7 33.87363 14
65.8 33.88906 14
65.9 33.90444 14
66.0 33.91977 14
66.1 33.93505 14
66.2 33.95029 14
66.3 33.96548 14
66.4 33.98063 14
66.5 33.99573 14
66.6 34.01078 14
66.7 34.02579 14
66.8 34.04075 14
66.9 34.05566 14
67.0 34.07053 14
67.1 34.08536 14
67.2 34.10013 14
67.3 34.11487 14
67.4 34.12956 14
67.5 34.14420 14
67.6 34.15880 14
67.7 34.17335 14
67.8 34.18786 14
67.9 34.20233 14
68.0 34.21675 14
68.1 34.23113 14
68.2 34.24546 14
68.3 34.25975 14
68.4 34.27400 14
68.5 34.28820 14
68.6 34.30237 14
68.7 34.31648 14
68.8 34.33056 14
68.9 34.34459 14
69.0 34.35858 14
69.1 34.37253 14
69.2 34.38644 14
69.3 34.40030 14
69.4 34.41412 14
69.5 34.42790 14
69.6 34.44164 14
69.7 34.45534 14
69.8 34.46900 14
69.9 34.48261 14
70.0 34.49618 14
70.1 34.50972 14
70.2 34.52321 14
70.3 34.53666 14
70.4 34.55007 14
70.5 34.56345 14
70.6 34.57678 14
70.7 34.59007 14
70.8 34.60332 14
70.9 34.61653 14
71.0 34.62970 14
71.1 34.64284 14
71.2 34.65593 14
71.3 34.66898 14
71.4 34.68200 14
71.5 34.69498 14
71.6 34.70791 14
71.7 34.72081 14
71.8 34.73368 14
71.9 34.74650 14
72.0 34.75928 14
72.1 34.77203 14
72.2 34.78474 14
72.3 34.79741 14
72.4 34.81004 14
72.5 34.82264 14
72.6 34.83520 14
72.7 34.84772 14
72.8 34.86020 14
72.9 34.87265 14
73.0 34.88506 14
73.1 34.89743 14
73.2 34.90977 14
73.3 34.92207 14
73.4 34.93433 14
73.5 34.94656 14
73.6 34.95875 14
73.7 34.88419 14
73.8 34.89622 14
73.9 34.90822 14
74.0 34.92018 14
74.1 34.93211 14
74.2 34.94401 14
74.3 34.95586 14
74.4 34.96769 14
74.5 34.97948 14
74.6 34.99123 14
74.7 35.00295 14
74.8 35.01464 14
74.9 35.02629 14
75.0 35.03790 14
75.1 35.04949 14
75.2 35.06103 14
75.3 35.07255 14
75.4 35.08403 14
75.5 35.09548 14
75.6 35.10689 14
75.7 35.11827 14
75.8 35.12962 14
75.9 35.14094 14
76.0 35.15222 14
76.1 35.16347 14
76.2 35.17468 14
76.3 35.18587 14
76.4 35.19702 14
76.5 35.20814 14
76.6 35.21922 14
76.7 35.23028 14
76.8 35.24130 14
76.9 35.25229 14
77.0 35.26324 14
77.1 35.27417 14
77.2 35.28507 14
77.3 35.29593 14
77.4 35.30676 14
77.5 35.31756 14
77.6 35.32833 14
77.7 35.33907 14
77.8 35.34977 14
77.9 35.36045 14
78.0 35.37110 14
78.1 35.38171 14
78.2 35.39229 14
78.3 35.40285 14
78.4 35.41337 14
78.5 35.42386 14
78.6 35.43433 14
78.7 35.44476 14
78.8 35.45516 14
78.9 35.46553 14
79.0 35.47588 14
79.1 35.48619 14
79.2 35.49648 14
79.3 35.50673 14
79.4 35.51695 14
79.5 35.52715 14
79.6 35.53732 14
79.7 35.54746 14
79.8 35.55756 14
79.9 35.56764 14
80.0 35.57770 14
80.1 35.58772 14
80.2 35.59771 14
80.3 35.60768 14
80.4 35.61761 14
80.5 35.62752 14
80.6 35.63740 14
80.7 35.64726 14
80.8 35.65708 14
80.9 35.66688 14
81.0 35.67665 14
81.1 35.68639 14
81.2 35.69610 14
81.3 35.70579 14
81.4 35.71545 14
81.5 35.72508 14
81.6 35.73468 14
81.7 35.74426 14
81.8 35.75381 14
81.9 35.76333 14
82.0 35.77283 14
82.1 35.78230 14
82.2 35.79174 14
82.3 35.80116 14
82.4 35.81055 14
82.5 35.81991 14
82.6 35.82925 14
82.7 35.83856 14
82.8 35.84785 14
82.9 35.85710 14
83.0 35.86634 14
83.1 35.87554 14
83.2 35.88472 14
83.3 35.89388 14
83.4 35.90301 14
83.5 35.91211 14
83.6 35.92119 14
83.7 35.93025 14
83.8 35.93927 14
83.9 35.94828 14
84.0 35.95725 14
84.1 35.96621 14
84.2 35.97514 14
84.3 35.98404 14
84.4 35.99292 14
84.5 36.00177 14
84.6 36.01060 14
84.7 36.01940 14
84.8 36.02818 14
84.9 36.03694 14
85.0 36.04567 14
85.1 36.05438 14
85.2 36.06306 14
85.3 36.07172 14
85.4 36.08035 14
85.5 36.08896 14
85.6 36.09755 14
85.7 36.10611 14
85.8 36.11465 14
85.9 36.12317 14
86.0 36.13166 14
86.1 36.14013 14
86.2 36.14858 14
86.3 36.15700 14
86.4 36.16540 14
86.5 36.17378 14
86.6 36.18213 14
86.7 36.19046 14
86.8 36.19877 14
86.9 36.20705 14
87.0 36.21532 14
87.1 36.22356 14
87.2 36.23177 14
87.3 36.23997 14
87.4 36.24814 14
87.5 36.25629 14
87.6 36.16819 14
87.7 36.17623 14
87.8 36.18425 14
87.9 36.19225 14
88.0 36.20023 14
88.1 36.20819 14
88.2 36.21612 14
88.3 36.22403 14
88.4 36.23192 14
88.5 36.23979 14
88.6 36.24764 14
88.7 36.25547 14
88.8 36.26327 14
88.9 36.27106 14
89.0 36.27882 14
89.1 36.28657 14
89.2 36.29429 14
89.3 36.30199 14
89.4 36.30967 14
89.5 36.31733 14
89.6 36.32496 14
89.7 36.33258 14
89.8 36.34018 14
89.9 36.34775 14
90.0 36.35531 14
90.1 36.36284 14
90.2 36.37036 14
90.3 36.37785 14
90.4 36.38533 14
90.5 36.39278 14
90.6 36.40022 14
90.7 36.40763 14
90.8 36.41503 14
90.9 36.42240 14
91.0 36.42976 14
91.1 36.43709 14
91.2 36.44441 14
91.3 36.45170 14
91.4 36.45898 14
91.5 36.46623 14
91.6 36.47347 14
91.7 36.48069 14
91.8 36.48789 14
91.9 36.49507 14
92.0 36.50223 14
92.1 36.50937 14
92.2 36.51649 14
92.3 36.52359 14
92.4 36.53068 14
92.5 36.53774 14
92.6 36.54479 14
92.7 36.55181 14
92.8 36.55882 14
92.9 36.56581 14
93.0 36.57279 14
93.1 36.57974 14
93.2 36.58667 14
93.3 36.59359 14
93.4 36.60049 14
93.5 36.60737 14
93.6 36.61423 14
93.7 36.62107 14
93.8 36.62790 14
93.9 36.63470 14
94.0 36.64149 14
94.1 36.64826 14
94.2 36.65502 14
94.3 36.66175 14
94.4 36.66847 14
94.5 36.67517 14
94.6 36.68185 14
94.7 36.68852 14
94.8 36.69516 14
94.9 36.70179 14
95.0 36.70841 14
95.1 36.71500 14
95.2 36.72158 14
95.3 36.72814 14
95.4 36.73468 14
95.5 36.74121 14
95.6 36.74772 14
95.7 36.75421 14
95.8 36.76068 14
95.9 36.76714 14
96.0 36.77358 14
96.1 36.78001 14
96.2 36.78641 14
96.3 36.79280 14
96.4 36.79918 14
96.5 36.80554 14
96.6 36.81188 14
96.7 36.81820 14
96.8 36.82451 14
96.9 36.83080 14
97.0 36.83708 14
97.1 36.84333 14
97.2 36.84958 14
97.3 36.85580 14
97.4 36.86201 14
97.5 36.86821 14
97.6 36.87438 14
97.7 36.88055 14
97.8 36.88669 14
97.9 36.89282 14
98.0 36.89894 14
98.1 36.90504 14
98.2 36.91112 14
98.3 36.91719 14
98.4 36.92324 14
98.5 36.92927 14
98.6 36.93529 14
98.7 36.94130 14
98.8 36.94729 14
98.9 36.95326 14
99.0 36.95922 14
99.1 36.96516 14
99.2 36.97109 14
99.3 36.97700 14
99.4 36.98290 14
99.5 36.98878 14
99.6 36.99465 14
99.7 37.00050 14
99.8 37.00634 14
99.9 37.01216 14
100.0 37.01797 14
100.1 37.02376 14
100.2 37.02954 14
100.3 37.03530 14
100.4 37.04105 14
100.5 37.04678 14
100.6 37.05250 14
100.7 37.05821 14
100.8 37.06390 14
100.9 37.06957 14
101.0 37.07523 14
101.1 37.08088 14
101.2 37.08651 14
101.3 37.09213 14
101.4 37.09773 14
101.5 37.10332 14
101.6 37.10890 14
101.7 37.11446 14
101.8 37.12000 14
101.9 37.12554 14
102.0 37.13106 14
102.1 37.13656 14
102.2 37.14205 14
102.3 37.14753 14
102.4 37.15299 14
102.5 37.15844 14
102.6 37.16388 14
102.7 37.16930 14
102.8 37.17471 14
102.9 37.18010 14
103.0 37.18548 14
103.1 37.19085 14
103.2 37.19620 14
103.3 37.20154 14
103.4 37.20687 14
103.5 37.21219 14
103.6 37.21749 14
103.7 37.22277 14
103.8 37.22805 14
103.9 37.23331 14
104.0 37.23856 14
104.1 37.24379 14
104.2 37.24901 14
104.3 37.25422 14
104.4 37.25941 14
104.5 37.26460 14
104.6 37.26977 14
104.7 37.27492 14
104.8 37.28007 14
104.9 37.28520 14
105.0 37.29031 14
105.1 37.29542 14
105.2 37.30051 14
105.3 37.30559 14
105.4 37.31066 14
105.5 37.31571 14
105.6 37.32075 14
105.7 37.32578 14
105.8 37.33080 14
105.9 37.33580 14
106.0 37.34080 14
106.1 37.34578 14
106.2 37.35074 14
106.3 37.35570 14
106.4 37.36064 14
106.5 37.36557 14
106.6 37.37049 14
106.7 37.37540 14
106.8 37.38029 14
106.9 37.38517 14
107.0 37.39004 14
107.1 37.39490 14
107.2 37.39975 14
107.3 37.40458 14
107.4 37.40940 14
107.5 37.41421 14
107.6 37.41901 14
107.7 37.42380 14
107.8 37.42857 14
107.9 37.43334 14
108.0 37.43809 14
108.1 37.44283 14
108.2 37.44756 14
108.3 37.45227 14
108.4 37.45698 14
108.5 37.46167 14
108.6 37.46635 14
108.7 37.47102 14
108.8 37.47568 14
108.9 37.48033 14
109.0 37.48497 14
109.1 37.48959 14
109.2 37.49421 14
109.3 37.49881 14
109.4 37.50340 14
109.5 37.50798 14
109.6 37.51255 14
109.7 37.51711 14
109.8 37.52166 14
109.9 37.52619 14
110.0 37.53072 14
110.1 37.42894 14
110.2 37.43341 14
110.3 37.43786 14
110.4 37.44231 14
110.5 37.44674 14
110.6 37.45117 14
110.7 37.45558 14
110.8 37.45998 14
110.9 37.46437 14
111.0 37.46875 14
111.1 37.47312 14
111.2 37.47748 14
111.3 37.48183 14
111.4 37.48617 14
111.5 37.49050 14
111.6 37.49481 14
111.7 37.49912 14
111.8 37.50342 14
111.9 37.50770 14
112.0 37.51198 14
112.1 37.51625 14
112.2 37.52050 14
112.3 37.52475 14
112.4 37.52898 14
112.5 37.53321 14
112.6 37.53742 14
112.7 37.54163 14
112.8 37.54582 14
112.9 37.55001 14
113.0 37.55418 14
113.1 37.55835 14
113.2 37.56250 14
113.3 37.56664 14
113.4 37.57078 14
113.5 37.57490 14
113.6 37.57902 14
113.7 37.58312 14
113.8 37.58722 14
113.9 37.59131 14
114.0 37.59538 14
114.1 37.59945 14
114.2 37.60350 14
114.3 37.60755 14
114.4 37.61159 14
114.5 37.61562 14
114.6 37.61963 14
114.7 37.62364 14
114.8 37.62764 14
114.9 37.63163 14
115.0 37.63561 14
115.1 37.63958 14
115.2 37.64354 14
115.3 37.64750 14
115.4 37.65144 14
115.5 37.65537 14
115.6 37.65930 14
115.7 37.66321 14
115.8 37.66712 14
115.9 37.67101 14
116.0 37.67490 14
116.1 37.67878 14
116.2 37.68265 14
116.3 37.68651 14
116.4 37.69036 14
116.5 37.69420 14
116.6 37.69803 14
116.7 37.70185 14
116.8 37.70567 14
116.9 37.70947 14
117.0 37.71327 14
117.1 37.71706 14
117.2 37.72084 14
117.3 37.72461 14
117.4 37.72837 14
117.5 37.73212 14
117.6 37.73586 14
117.7 37.73960 14
117.8 37.74332 14
117.9 37.74704 14
118.0 37.75075 14
118.1 37.75445 14
118.2 37.75814 14
118.3 37.76182 14
118.4 37.76550 14
118.5 37.76916 14
118.6 37.77282 14
118.7 37.77647 14
118.8 37.78011 14
118.9 37.78374 14
119.0 37.78736 14
119.1 37.79098 14
119.2 37.79459 14
119.3 37.79818 14
119.4 37.80177 14
119.5 37.80535 14
119.6 37.80893 14
119.7 37.81249 14
119.8 37.81605 14
119.9 37.81960 14
120.0 37.82314 14
120.1 37.82667 14
120.2 37.83019 14
120.3 37.83371 14
120.4 37.83722 14
120.5 37.84071 14
120.6 37.84421 14
120.7 37.84769 14
120.8 37.85116 14
120.9 37.85463 14
121.0 37.85809 14
121.1 37.86154 14
121.2 37.86499 14
121.3 37.86842 14
121.4 37.87185 14
121.5 37.87527 14
121.6 37.87868 14
121.7 37.88208 14
121.8 37.88548 14
121.9 37.88887 14
122.0 37.89225 14
122.1 37.89562 14
122.2 37.89899 14
122.3 37.90234 14
122.4 37.90569 14
122.5 37.90904 14
122.6 37.91237 14
122.7 37.91570 14
122.8 37.91902 14
122.9 37.92233 14
123.0 37.92563 14
123.1 37.92893 14
123.2 37.93222 14
123.3 37.93550 14
123.4 37.93877 14
123.5 37.94204 14
123.6 37.94530 14
123.7 37.94855 14
123.8 37.95180 14
123.9 37.95503 14
124.0 37.95826 14
124.1 37.96149 14
124.2 37.96470 14
124.3 37.96791 14
124.4 37.97111 14
124.5 37.97430 14
124.6 37.97749 14
124.7 37.98067 14
124.8 37.98384 14
124.9 37.98700 14
125.0 37.99016 14
125.1 37.99331 14
125.2 37.99646 14
125.3 37.99959 14
125.4 38.00272 14
125.5 38.00584 14
125.6 38.00896 14
125.7 38.01207 14
125.8 38.01517 14
125.9 38.01826 14
126.0 38.02135 14
126.1 38.02443 14
126.2 38.02750 14
126.3 38.03057 14
126.4 38.03363 14
126.5 38.03668 14
126.6 38.03972 14
126.7 38.04276 14
126.8 38.04580 14
126.9 38.04882 14
127.0 38.05184 14
127.1 38.05485 14
127.2 38.05786 14
127.3 38.06085 14
127.4 38.06385 14
127.5 38.06683 14
127.6 38.06981 14
127.7 38.07278 14
127.8 38.07575 14
127.9 38.07870 14
128.0 38.08166 14
128.1 38.08460 14
128.2 38.08754 14
128.3 38.09047 14
128.4 38.09340 14
128.5 38.09632 14
128.6 38.09923 14
128.7 38.10214 14
128.8 38.10504 14
128.9 38.10793 14
129.0 38.11082 14
129.1 38.11370 14
129.2 38.11657 14
129.3 38.11944 14
129.4 38.12230 14
129.5 38.12515 14
129.6 38.12800 14
129.7 38.13085 14
129.8 38.13368 14
129.9 38.13651 14
130.0 38.13934 14
130.1 38.14215 14
130.2 38.14496 14
130.3 38.14777 14
130.4 38.15057 14
130.5 38.15336 14
130.6 38.15615 14
130.7 38.15893 14
130.8 38.16170 14
130.9 38.16447 14
131.0 38.16723 14
131.1 38.16999 14
131.2 38.17274 14
131.3 38.17548 14
131.4 38.17822 14
131.5 38.18095 14
131.6 38.18368 14
131.7 38.18640 14
131.8 38.18911 14
131.9 38.19182 14
132.0 38.19452 14
132.1 38.19722 14
132.2 38.19991 14
132.3 38.20259 14
132.4 38.20527 14
132.5 38.20794 14
132.6 38.21061 14
132.7 38.21327 14
132.8 38.21593 14
132.9 38.21858 14
133.0 38.22122 14
133.1 38.22386 14
133.2 38.22649 14
133.3 38.22912 14
133.4 38.23174 14
133.5 38.23435 14
133.6 38.23696 14
133.7 38.23957 14
133.8 38.24217 14
133.9 38.24476 14
134.0 38.24735 14
134.1 38.24993 14
134.2 38.25250 14
134.3 38.25507 14
134.4 38.25764 14
134.5 38.26020 14
134.6 38.26275 14
134.7 38.26530 14
134.8 38.26784 14
134.9 38.27038 14
135.0 38.27291 14
135.1 38.27544 14
135.2 38.27796 14
135.3 38.28047 14
135.4 38.28298 14
135.5 38.28549 14
135.6 38.28798 14
135.7 38.29048 14
135.8 38.29297 14
135.9 38.29545 14
136.0 38.29793 14
136.1 38.30040 14
136.2 38.30287 14
136.3 38.30533 14
136.4 38.30778 14
136.5 38.31024 14
136.6 38.31268 14
136.7 38.31512 14
136.8 38.31756 14
136.9 38.31999 14
137.0 38.32241 14
137.1 38.32483 14
137.2 38.32725 14
137.3 38.32966 14
137.4 38.33206 14
137.5 38.33446 14
137.6 38.33685 14
137.7 38.33924 14
137.8 38.34163 14
137.9 38.34401 14
138.0 38.34638 14
138.1 38.34875 14
138.2 38.35111 14
138.3 38.35347 14
138.4 38.35582 14
138.5 38.35817 14
138.6 38.36052 14
138.7 38.36285 14
138.8 38.36519 14
138.9 38.36752 14
139.0 38.36984 14
139.1 38.37216 14
139.2 38.37447 14
139.3 38.37678 14
139.4 38.37909 14
139.5 38.38139 14
139.6 38.38368 14
139.7 38.38597 14
139.8 38.38825 14
139.9 38.39053 14
140.0 38.39281 14
140.1 38.39508 14
140.2 38.39734 14
140.3 38.39961 14
140.4 38.40186 14
140.5 38.40411 14
140.6 38.40636 14
140.7 38.40860 14
140.8 38.41084 14
140.9 38.41307 14
141.0 38.41530 14
141.1 38.41752 14
141.2 38.41974 14
141.3 38.42195 14
141.4 38.42416 14
141.5 38.42636 14
141.6 38.42856 14
141.7 38.43076 14
141.8 38.43295 14
141.9 38.43514 14
142.0 38.43732 14
142.1 38.43949 14
142.2 38.44167 14
142.3 38.44383 14
142.4 38.44600 14
142.5 38.44816 14
142.6 38.45031 14
142.7 38.45246 14
142.8 38.45460 14
142.9 38.45674 14
143.0 38.45888 14
143.1 38.46101 14
143.2 38.46314 14
143.3 38.46526 14
143.4 38.46738 14
143.5 38.46949 14
143.6 38.47160 14
143.7 38.47371 14
143.8 38.47581 14
143.9 38.47791 14
144.0 38.48000 14
144.1 38.48209 14
144.2 38.48417 14
144.3 38.48625 14
144.4 38.48832 14
144.5 38.49039 14
144.6 38.49246 14
144.7 38.49452 14
144.8 38.49658 14
144.9 38.49863 14
145.0 38.50068 14
145.1 38.50273 14
145.2 38.50477 14
145.3 38.50680 14
145.4 38.50884 14
145.5 38.51087 14
145.6 38.51289 14
145.7 38.51491 14
145.8 38.51692 14
145.9 38.51894 14
146.0 38.52094 14
146.1 38.52295 14
146.2 38.52495 14
146.3 38.52694 14
146.4 38.52893 14
146.5 38.53092 14
146.6 38.53290 14
146.7 38.53488 14
146.8 38.53685 14
146.9 38.53882 14
147.0 38.54079 14
147.1 38.54275 14
147.2 38.54471 14
147.3 38.54666 14
147.4 38.54862 14
147.5 38.55056 14
147.6 38.55250 14
147.7 38.55444 14
147.8 38.55638 14
147.9 38.55831 14
148.0 38.56023 14
148.1 38.56216 14
148.2 38.56407 14
148.3 38.56599 14
148.4 38.56790 14
148.5 38.56981 14
148.6 38.57171 14
148.7 38.57361 14
148.8 38.57550 14
148.9 38.57740 14
149.0 38.57928 14
149.1 38.58117 14
149.2 38.58305 14
149.3 38.58492 14
149.4 38.58680 14
149.5 38.58866 14
149.6 38.59053 14
149.7 38.59239 14
149.8 38.59425 14
149.9 38.59610 14
