15.0 1.37038 13
15.1 1.37758 13
15.2 1.38481 13
15.3 1.39206 13
15.4 1.39934 13
15.5 1.40640 13
15.6 1.41372 13
15.7 1.42082 13
15.8 1.42819 13
15.9 1.43532 13
16.0 1.44247 13
16.1 1.44964 13
16.2 1.45681 13
16.3 1.46401 13
16.4 1.47154 13
16.5 1.47878 13
16.6 1.48570 13
16.7 1.49297 13
16.8 1.50025 13
16.9 1.50756 13
17.0 1.51489 13
17.1 1.52186 13
17.2 1.52923 13
17.3 1.53627 13
17.4 1.54367 13
17.5 1.55068 13
17.6 1.55813 13
17.7 1.56515 13
17.8 1.57219 13
17.9 1.57969 13
18.0 1.58675 13
18.1 1.59381 13
18.2 1.60088 13
18.3 1.60796 13
18.4 1.61505 13
18.5 1.62214 13
18.6 1.62925 13
18.7 1.63636 13
18.8 1.64348 13
18.9 1.65060 13
19.0 1.65774 13
19.1 1.66489 13
19.2 1.67204 13
19.3 1.67921 13
19.4 1.68638 13
19.5 1.69357 13
19.6 1.70013 13
19.7 1.70732 13
19.8 1.71453 13
19.9 1.72174 13
20.0 1.72828 13
20.1 1.73551 13
20.2 1.74275 13
20.3 1.74928 13
20.4 1.75653 13
20.5 1.76305 13
20.6 1.77359 13
20.7 1.78421 13
20.8 1.79377 13
20.9 1.80453 13
21.0 1.81418 13
21.1 1.82509 13
21.2 1.83483 13
21.3 1.84588 13
21.4 1.85572 13
21.5 1.86692 13
21.6 1.87686 13
21.7 1.88821 13
21.8 1.89825 13
21.9 1.90976 13
22.0 1.91989 13
22.1 1.86883 13
22.2 1.86861 13
22.3 1.86858 13
22.4 1.86864 13
22.5 1.86878 13
22.6 1.86909 13
22.7 1.86951 13
22.8 1.88828 13
22.9 1.88715 13
23.0 1.88324 13
23.1 1.88038 13
23.2 1.87934 13
23.3 1.87984 13
23.4 1.88138 13
23.5 1.88413 13
23.6 1.88723 13
23.7 1.88865 13
23.8 1.88932 13
23.9 1.88964 13
24.0 1.88976 13
24.1 1.88976 13
24.2 1.88971 13
24.3 1.88965 13
24.4 1.88958 13
24.5 1.88949 13
24.6 1.88942 13
24.7 1.88936 13
24.8 1.88930 13
24.9 1.89015 13
25.0 1.89135 13
25.1 1.89237 13
25.2 1.89343 13
25.3 1.89452 13
25.4 1.89565 13
25.5 1.89718 13
25.6 1.89853 13
25.7 1.89992 13
25.8 1.90136 13
25.9 1.90287 13
26.0 1.90444 13
26.1 1.90610 13
26.2 1.90832 13
26.3 1.91026 13
26.4 1.91237 13
26.5 1.91469 13
26.6 1.91729 13
26.7 1.92025 13
26.8 1.92295 13
26.9 1.91216 13
27.0 1.91276 13
27.1 1.91335 13
27.2 1.91405 13
27.3 1.93218 13
27.4 1.92933 13
27.5 1.92411 13
27.6 1.92353 13
27.7 1.92530 13
27.8 1.92965 13
27.9 1.93236 13
28.0 1.93351 13
28.1 1.93373 13
28.2 1.93373 13
28.3 1.93366 13
28.4 1.93357 13
28.5 1.93347 13
28.6 1.93337 13
28.7 1.93328 13
28.8 1.93400 13
28.9 1.93514 13
29.0 1.93632 13
29.1 1.93753 13
29.2 1.93878 13
29.3 1.94019 13
29.4 1.94168 13
29.5 1.94322 13
29.6 1.94481 13
29.7 1.94708 13
29.8 1.94888 13
29.9 1.95080 13
30.0 1.95288 13
30.1 1.95517 13
30.2 1.95773 13
30.3 1.96065 13
30.4 1.96407 13
30.5 1.95427 13
30.6 1.95475 13
30.7 1.95534 13
30.8 1.95604 13
30.9 1.97361 13
31.0 1.96870 13
31.1 1.96507 13
31.2 1.96539 13
31.3 1.96819 13
31.4 1.97288 13
31.5 1.97437 13
31.6 1.97488 13
31.7 1.97494 13
31.8 1.97484 13
31.9 1.97469 13
32.0 1.97452 13
32.1 1.97435 13
32.2 1.97418 13
32.3 1.97435 13
32.4 1.97545 13
32.5 1.97659 13
32.6 1.97775 13
32.7 1.97896 13
32.8 1.98034 13
32.9 1.98179 13
33.0 1.98328 13
33.1 1.98484 13
33.2 1.98646 13
33.3 1.98816 13
33.4 1.98998 13
33.5 1.99195 13
33.6 1.99410 13
33.7 1.99651 13
33.8 1.99925 13
33.9 7.33296 14
34.0 1.99356 13
34.1 1.99397 13
34.2 1.99412 13
34.3 1.99466 13
34.4 1.99531 13
34.5 7.38488 14
34.6 7.35031 14
34.7 7.33892 14
34.8 7.34473 14
34.9 7.36492 14
35.0 7.38667 14
35.1 7.39237 14
35.2 7.39355 14
35.3 7.39336 14
35.4 7.39229 14
35.5 7.39085 14
35.6 7.38929 14
35.7 7.38769 14
35.8 7.38608 14
35.9 7.38447 14
36.0 7.38861 14
36.1 7.39417 14
36.2 7.39989 14
36.3 7.40579 14
36.4 7.41234 14
36.5 7.41950 14
36.6 7.42687 14
36.7 7.43449 14
36.8 7.44243 14
36.9 7.45078 14
37.0 7.45963 14
37.1 7.46913 14
37.2 7.47948 14
37.3 7.49093 14
37.4 7.50383 14
37.5 7.51867 14
37.6 7.53612 14
37.7 7.48238 14
37.8 7.48421 14
37.9 7.48662 14
38.0 7.48957 14
38.1 7.49070 14
38.2 7.57719 14
38.3 7.54080 14
38.4 7.53381 14
38.5 7.54091 14
38.6 7.56200 14
38.7 7.58133 14
38.8 7.58581 14
38.9 7.58627 14
39.0 7.58503 14
39.1 7.58314 14
39.2 7.58112 14
39.3 7.57904 14
39.4 7.57695 14
39.5 7.57485 14
39.6 7.57304 14
39.7 7.57781 14
39.8 7.58272 14
39.9 7.58777 14
40.0 7.59300 14
40.1 7.59905 14
40.2 7.60059 14
40.3 7.60697 14
40.4 7.61355 14
40.5 7.62037 14
40.6 7.62750 14
40.7 7.63500 14
40.8 7.64297 14
40.9 7.65155 14
41.0 7.66088 14
41.1 7.67121 14
41.2 7.68282 14
41.3 7.69612 14
41.4 7.71165 14
41.5 7.66185 14
41.6 7.66312 14
41.7 7.66492 14
41.8 7.66723 14
41.9 7.76620 14
42.0 7.73614 14
42.1 7.71329 14
42.2 7.71201 14
42.3 7.71150 14
42.4 7.72216 14
42.5 7.74779 14
42.6 7.75884 14
42.7 7.76153 14
42.8 7.76106 14
42.9 7.75934 14
43.0 7.75718 14
43.1 7.75486 14
43.2 7.75250 14
43.3 7.75013 14
43.4 7.74776 14
43.5 7.74540 14
43.6 7.74776 14
43.7 7.75203 14
43.8 7.75641 14
43.9 7.75670 14
44.0 7.76122 14
44.1 7.76628 14
44.2 7.77182 14
44.3 7.77751 14
44.4 7.78338 14
44.5 7.78947 14
44.6 7.79583 14
44.7 7.80252 14
44.8 7.80962 14
44.9 7.81723 14
45.0 7.82550 14
45.1 7.83461 14
45.2 7.84475 14
45.3 7.85625 14
45.4 7.86952 14
45.5 7.82685 14
45.6 7.82764 14
45.7 7.82761 14
45.8 7.82881 14
45.9 7.83045 14
46.0 7.83251 14
46.1 7.92556 14
46.2 7.89009 14
46.3 7.87464 14
46.4 7.87420 14
46.5 7.88345 14
46.6 7.90523 14
46.7 7.92047 14
46.8 7.92358 14
46.9 7.92346 14
47.0 7.92183 14
47.1 7.91962 14
47.2 7.91720 14
47.3 7.91464 14
47.4 7.91494 14
47.5 7.91245 14
47.6 7.90995 14
47.7 7.90746 14
47.8 7.90498 14
47.9 7.90664 14
48.0 7.91036 14
48.1 7.91419 14
48.2 7.91814 14
48.3 7.92243 14
48.4 7.92728 14
48.5 7.93226 14
48.6 7.93738 14
48.7 7.94266 14
48.8 7.94815 14
48.9 7.95389 14
49.0 7.95265 14
49.1 7.95859 14
49.2 7.96487 14
49.3 7.97157 14
49.4 7.97881 14
49.5 7.98670 14
49.6 7.99546 14
49.7 8.00523 14
49.8 8.01634 14
49.9 7.98111 14
50.0 7.98147 14
50.1 7.98219 14
50.2 7.98329 14
50.3 7.98475 14
50.4 7.98658 14
50.5 8.07647 14
50.6 8.03961 14
50.7 8.04789 14
50.8 8.02913 14
50.9 8.02561 14
51.0 8.03074 14
51.1 8.04477 14
51.2 8.06932 14
51.3 8.07447 14
51.4 8.07583 14
51.5 8.07498 14
51.6 8.07310 14
51.7 8.07080 14
51.8 8.06826 14
51.9 8.06574 14
52.0 8.06321 14
52.1 8.06067 14
52.2 8.05814 14
52.3 8.05918 14
52.4 8.05667 14
52.5 8.05417 14
52.6 8.05673 14
52.7 8.06000 14
52.8 8.06336 14
52.9 8.06682 14
53.0 8.07062 14
53.1 8.07488 14
53.2 8.07923 14
53.3 8.08369 14
53.4 8.08829 14
53.5 8.09304 14
53.6 8.09798 14
53.7 8.10315 14
53.8 8.10857 14
53.9 8.11431 14
54.0 8.11129 14
54.1 8.11717 14
54.2 8.12351 14
54.3 8.13034 14
54.4 8.13782 14
54.5 8.14609 14
54.6 8.15535 14
54.7 8.16585 14
54.8 8.12690 14
54.9 8.12724 14
55.0 8.12789 14
55.1 8.12883 14
55.2 8.13008 14
55.3 8.13161 14
55.4 8.22190 14
55.5 8.18570 14
55.6 8.17205 14
55.7 8.17883 14
55.8 8.17021 14
55.9 8.17052 14
56.0 8.17753 14
56.1 8.19274 14
56.2 8.20937 14
56.3 8.21746 14
56.4 8.21947 14
56.5 8.21910 14
56.6 8.21755 14
56.7 8.21544 14
56.8 8.21310 14
56.9 8.21066 14
57.0 8.20819 14
57.1 8.20571 14
57.2 8.20321 14
57.3 8.20071 14
57.4 8.20259 14
57.5 8.20011 14
57.6 8.19766 14
57.7 8.19609 14
57.8 8.19887 14
57.9 8.20173 14
58.0 8.20466 14
58.1 8.20768 14
58.2 8.21104 14
58.3 8.21475 14
58.4 8.21853 14
58.5 8.22240 14
58.6 8.22636 14
58.7 8.23045 14
58.8 8.23469 14
58.9 8.23908 14
59.0 8.24366 14
59.1 8.23965 14
59.2 8.24423 14
59.3 8.24903 14
59.4 8.25411 14
59.5 8.25950 14
59.6 8.26528 14
59.7 8.26633 14
59.8 8.26987 14
59.9 8.27791 14
60.0 8.28898 14
60.1 8.24592 14
60.2 8.26621 14
60.3 8.26827 14
60.4 8.27054 14
60.5 8.27417 14
60.6 8.35999 14
60.7 8.32145 14
60.8 8.31671 14
60.9 8.32149 14
61.0 8.31668 14
61.1 8.32832 14
61.2 8.36051 14
61.3 8.37062 14
61.4 8.37209 14
61.5 8.37081 14
61.6 8.36292 14
61.7 8.35158 14
61.8 8.33936 14
61.9 8.33797 14
62.0 8.34203 14
62.1 8.34729 14
62.2 8.35246 14
62.3 8.35715 14
62.4 8.36234 14
62.5 8.36751 14
62.6 8.38501 14
62.7 8.36646 14
62.8 8.38537 14
62.9 8.38398 14
63.0 8.48144 14
63.1 8.42027 14
63.2 8.42552 14
63.3 8.46212 14
63.4 8.46050 14
63.5 8.45307 14
63.6 8.44444 14
63.7 8.43587 14
63.8 8.42796 14
63.9 8.42570 14
64.0 8.42986 14
64.1 8.43512 14
64.2 8.43961 14
64.3 8.44488 14
64.4 8.45027 14
64.5 8.45561 14
64.6 8.44838 14
64.7 8.45372 14
64.8 8.45900 14
64.9 8.46440 14
65.0 8.46975 14
65.1 8.47520 14
65.2 8.49056 14
65.3 8.49256 14
65.4 5.72082 14
65.5 8.56256 14
65.6 8.53767 14
65.7 8.53725 14
65.8 8.55477 14
65.9 5.71439 14
66.0 5.71811 14
66.1 5.71853 14
66.2 5.71758 14
66.3 5.71654 14
66.4 5.71795 14
66.5 5.71699 14
66.6 5.71571 14
66.7 5.71465 14
66.8 5.71333 14
66.9 5.71227 14
67.0 5.71394 14
67.1 5.71777 14
67.2 5.72232 14
67.3 5.72694 14
67.4 5.73154 14
67.5 5.73620 14
67.6 5.74083 14
67.7 5.74552 14
67.8 5.75022 14
67.9 5.75492 14
68.0 5.75966 14
68.1 5.76438 14
68.2 5.76916 14
68.3 5.78042 14
68.4 5.76627 14
68.5 5.77909 14
68.6 5.78133 14
68.7 5.78401 14
68.8 5.85733 14
68.9 5.82502 14
69.0 5.81533 14
69.1 5.82038 14
69.2 5.83866 14
69.3 5.85622 14
69.4 5.85856 14
69.5 5.85839 14
69.6 5.85710 14
69.7 5.85582 14
69.8 5.85425 14
69.9 5.85292 14
70.0 5.85159 14
70.1 5.84998 14
70.2 5.85320 14
70.3 5.85739 14
70.4 5.84991 14
70.5 5.85410 14
70.6 5.85842 14
70.7 5.86342 14
70.8 5.86839 14
70.9 5.87342 14
71.0 5.87842 14
71.1 5.88348 14
71.2 5.88851 14
71.3 5.89360 14
71.4 5.89870 14
71.5 5.90377 14
71.6 5.90890 14
71.7 5.91400 14
71.8 5.91916 14
71.9 5.93071 14
72.0 5.93357 14
72.1 6.02398 14
72.2 5.99027 14
72.3 5.97203 14
72.4 6.02344 14
72.5 5.98906 14
72.6 5.97193 14
72.7 5.97282 14
72.8 5.98522 14
72.9 6.01535 14
73.0 6.02087 14
73.1 6.02183 14
73.2 6.02111 14
73.3 6.01977 14
73.4 6.01794 14
73.5 6.01637 14
73.6 6.01446 14
73.7 6.01288 14
73.8 6.01099 14
73.9 6.01295 14
74.0 6.01750 14
74.1 6.02244 14
74.2 6.02782 14
74.3 6.03316 14
74.4 6.03855 14
74.5 6.02700 14
74.6 6.03229 14
74.7 6.03763 14
74.8 6.04299 14
74.9 6.04832 14
75.0 6.05370 14
75.1 6.05904 14
75.2 6.06444 14
75.3 6.06986 14
75.4 6.07524 14
75.5 6.08067 14
75.6 6.08607 14
75.7 6.09153 14
75.8 6.10366 14
75.9 6.10670 14
76.0 6.21361 14
76.1 6.17735 14
76.2 6.15270 14
76.3 6.15002 14
76.4 6.15931 14
76.5 6.18240 14
76.6 6.14954 14
76.7 6.15471 14
76.8 6.17160 14
76.9 6.20317 14
77.0 6.20820 14
77.1 6.20922 14
77.2 6.20801 14
77.3 6.20650 14
77.4 6.20437 14
77.5 6.20259 14
77.6 6.20075 14
77.7 6.19857 14
77.8 6.19673 14
77.9 6.19456 14
78.0 6.19897 14
78.1 6.20378 14
78.2 6.20905 14
78.3 6.21468 14
78.4 6.22027 14
78.5 6.22591 14
78.6 6.23156 14
78.7 6.23717 14
78.8 6.24285 14
78.9 6.22828 14
79.0 6.23388 14
79.1 6.23944 14
79.2 6.24506 14
79.3 6.25063 14
79.4 6.25627 14
79.5 6.26191 14
79.6 6.26751 14
79.7 6.27317 14
79.8 6.27878 14
79.9 6.28446 14
80.0 6.29898 14
80.1 6.30169 14
80.2 6.30503 14
80.3 6.42360 14
80.4 6.37535 14
80.5 6.35488 14
80.6 6.35315 14
80.7 6.36276 14
80.8 6.38522 14
80.9 6.41609 14
81.0 6.42047 14
81.1 6.42117 14
81.2 6.39155 14
81.3 6.41722 14
81.4 6.42078 14
81.5 6.42105 14
81.6 6.41951 14
81.7 6.41772 14
81.8 6.41535 14
81.9 6.41330 14
82.0 6.41122 14
82.1 6.40877 14
82.2 6.40666 14
82.3 6.40462 14
82.4 6.40508 14
82.5 6.41007 14
82.6 6.41508 14
82.7 6.42065 14
82.8 6.42645 14
82.9 6.43220 14
83.0 6.43801 14
83.1 6.44383 14
83.2 6.44960 14
83.3 6.45543 14
83.4 6.46127 14
83.5 6.46706 14
83.6 6.44920 14
83.7 6.45497 14
83.8 6.46074 14
83.9 6.46647 14
84.0 6.47226 14
84.1 6.47805 14
84.2 6.48379 14
84.3 6.48959 14
84.4 6.49541 14
84.5 6.50116 14
84.6 6.50698 14
84.7 6.52116 14
84.8 6.52404 14
84.9 6.52754 14
85.0 6.66438 14
85.1 6.60868 14
85.2 6.58505 14
85.3 6.58098 14
85.4 6.58850 14
85.5 6.60700 14
85.6 6.64566 14
85.7 6.65872 14
85.8 6.66124 14
85.9 6.66060 14
86.0 6.62867 14
86.1 6.65688 14
86.2 6.66077 14
86.3 6.66128 14
86.4 6.65968 14
86.5 6.65775 14
86.6 6.65553 14
86.7 6.65280 14
86.8 6.65044 14
86.9 6.64805 14
87.0 6.64530 14
87.1 6.64295 14
87.2 6.64060 14
87.3 6.64074 14
87.4 6.64601 14
87.5 6.65129 14
87.6 6.65683 14
87.7 6.66288 14
87.8 6.66894 14
87.9 6.67495 14
88.0 6.68103 14
88.1 6.68712 14
88.2 6.69315 14
88.3 6.69926 14
88.4 6.70538 14
88.5 6.71143 14
88.6 6.68934 14
88.7 6.69538 14
88.8 6.70142 14
88.9 6.70740 14
89.0 6.71345 14
89.1 6.71952 14
89.2 6.72553 14
89.3 6.73161 14
89.4 6.73769 14
89.5 6.74379 14
89.6 6.74983 14
89.7 6.75595 14
89.8 6.76207 14
89.9 6.77556 14
90.0 6.77896 14
90.1 6.78276 14
90.2 6.93801 14
90.3 6.87209 14
90.4 6.84840 14
90.5 6.84317 14
90.6 6.84941 14
90.7 6.86552 14
90.8 6.89763 14
90.9 6.93142 14
91.0 6.93615 14
91.1 6.93682 14
91.2 6.86714 14
91.3 6.90044 14
91.4 6.93176 14
91.5 6.93625 14
91.6 6.93681 14
91.7 6.93571 14
91.8 6.93368 14
91.9 6.93133 14
92.0 6.92832 14
92.1 6.92571 14
92.2 6.92307 14
92.3 6.91997 14
92.4 6.91733 14
92.5 6.91469 14
92.6 6.91161 14
92.7 6.91005 14
92.8 6.91555 14
92.9 6.92095 14
93.0 6.92646 14
93.1 6.93256 14
93.2 6.93882 14
93.3 6.94502 14
93.4 6.95130 14
93.5 6.95759 14
93.6 6.96381 14
93.7 6.97011 14
93.8 6.97642 14
93.9 6.98266 14
94.0 6.95592 14
94.1 6.96206 14
94.2 6.96828 14
94.3 6.97451 14
94.4 6.98074 14
94.5 6.98692 14
94.6 6.99317 14
94.7 6.99942 14
94.8 7.00561 14
94.9 7.01188 14
95.0 7.01816 14
95.1 7.02437 14
95.2 7.03066 14
95.3 7.03695 14
95.4 7.04326 14
95.5 7.04949 14
95.6 7.06419 14
95.7 7.06757 14
95.8 7.07116 14
95.9 7.26115 14
96.0 7.21226 14
96.1 7.16359 14
96.2 7.14491 14
96.3 7.14259 14
96.4 7.14982 14
96.5 7.16696 14
96.6 7.19742 14
96.7 7.24314 14
96.8 7.24936 14
96.9 7.14426 14
97.0 7.15458 14
97.1 7.17562 14
97.2 7.21214 14
97.3 7.24566 14
97.4 7.25011 14
97.5 7.25121 14
97.6 7.25025 14
97.7 7.24824 14
97.8 7.24522 14
97.9 7.24246 14
98.0 7.23961 14
98.1 7.23622 14
98.2 7.23331 14
98.3 7.23040 14
98.4 7.22749 14
98.5 7.22410 14
98.6 7.22121 14
98.7 7.21832 14
98.8 7.22188 14
98.9 7.22746 14
99.0 7.23316 14
99.1 7.23886 14
99.2 7.24512 14
99.3 7.25153 14
99.4 7.25796 14
99.5 7.26438 14
99.6 7.27073 14
99.7 7.27717 14
99.8 7.28362 14
99.9 7.25143 14
100.0 7.25777 14
100.1 7.26411 14
100.2 7.27037 14
100.3 7.27673 14
100.4 7.28309 14
100.5 7.28945 14
100.6 7.29574 14
100.7 7.30211 14
100.8 7.30849 14
100.9 7.31480 14
101.0 7.32119 14
101.1 7.32759 14
101.2 7.33399 14
101.3 7.34031 14
101.4 7.34673 14
101.5 7.35315 14
101.6 7.35957 14
101.7 7.36591 14
101.8 7.37234 14
101.9 7.37879 14
102.0 7.39334 14
102.1 7.39660 14
102.2 7.40046 14
102.3 7.62242 14
102.4 7.58542 14
102.5 7.51996 14
102.6 7.49192 14
102.7 7.48248 14
102.8 7.48381 14
102.9 7.49397 14
103.0 7.61712 14
103.1 7.54266 14
103.2 7.50171 14
103.3 7.48527 14
103.4 7.48211 14
103.5 7.48788 14
103.6 7.50204 14
103.7 7.52649 14
103.8 7.56713 14
103.9 7.60239 14
104.0 7.60712 14
104.1 7.60851 14
104.2 7.60777 14
104.3 7.60531 14
104.4 7.60271 14
104.5 7.59981 14
104.6 7.59621 14
104.7 7.59309 14
104.8 7.58995 14
104.9 7.58678 14
105.0 7.58309 14
105.1 7.57993 14
105.2 7.57678 14
105.3 7.57364 14
105.4 7.56997 14
105.5 7.56835 14
105.6 7.57418 14
105.7 7.58003 14
105.8 7.58575 14
105.9 7.59160 14
106.0 7.59791 14
106.1 7.60441 14
106.2 7.61084 14
106.3 7.57483 14
106.4 7.58059 14
106.5 7.58623 14
106.6 7.59200 14
106.7 7.59826 14
106.8 7.60468 14
106.9 7.61101 14
107.0 7.61743 14
107.1 7.62386 14
107.2 7.63029 14
107.3 7.63663 14
107.4 7.64308 14
107.5 7.64952 14
107.6 7.65597 14
107.7 7.66242 14
107.8 7.66879 14
107.9 7.67524 14
108.0 7.68171 14
108.1 7.68818 14
108.2 7.69456 14
108.3 7.70104 14
108.4 7.70751 14
108.5 7.71400 14
108.6 7.72040 14
108.7 7.72689 14
108.8 7.73339 14
108.9 7.73988 14
109.0 7.74629 14
109.1 7.75280 14
109.2 7.76654 14
109.3 7.77012 14
109.4 7.77381 14
109.5 7.77805 14
109.6 8.01774 14
109.7 7.74383 14
109.8 7.75024 14
109.9 7.75666 14
110.0 7.76857 14
110.1 7.77227 14
110.2 7.77610 14
110.3 8.02617 14
110.4 7.96508 14
110.5 7.90670 14
110.6 7.87792 14
110.7 7.86769 14
110.8 7.86751 14
110.9 7.87492 14
111.0 7.89023 14
111.1 7.91487 14
111.2 7.95364 14
111.3 8.00417 14
111.4 8.01043 14
111.5 8.01280 14
111.6 8.01291 14
111.7 8.01147 14
111.8 8.00910 14
111.9 8.00567 14
112.0 8.00253 14
112.1 7.99926 14
112.2 7.99591 14
112.3 7.99196 14
112.4 7.98856 14
112.5 7.98518 14
112.6 7.98179 14
112.7 7.97841 14
112.8 7.97445 14
112.9 7.97109 14
113.0 7.96772 14
113.1 7.96438 14
113.2 7.96898 14
113.3 7.98489 14
113.4 7.98155 14
113.5 7.97823 14
113.6 7.97431 14
113.7 7.97101 14
113.8 7.96769 14
113.9 7.96440 14
114.0 7.96886 14
114.1 7.97470 14
114.2 7.98056 14
114.3 7.98641 14
114.4 7.99227 14
114.5 7.99836 14
114.6 8.00481 14
114.7 8.01126 14
114.8 8.01771 14
114.9 8.02406 14
115.0 8.03052 14
115.1 8.03698 14
115.2 8.04344 14
115.3 8.04990 14
115.4 8.05627 14
115.5 8.06274 14
115.6 8.06922 14
115.7 8.07569 14
115.8 8.08207 14
115.9 8.08855 14
116.0 8.09504 14
116.1 8.10153 14
116.2 8.10802 14
116.3 8.11441 14
116.4 8.12090 14
116.5 8.12740 14
116.6 8.13390 14
116.7 8.14041 14
116.8 8.14681 14
116.9 8.15331 14
117.0 8.15981 14
117.1 8.11114 14
117.2 8.11753 14
117.3 8.12393 14
117.4 8.13032 14
117.5 8.13673 14
117.6 8.14303 14
117.7 8.14943 14
117.8 8.15582 14
117.9 8.16223 14
118.0 8.16863 14
118.1 8.17493 14
118.2 8.18806 14
118.3 8.19157 14
118.4 8.19535 14
118.5 8.19942 14
118.6 8.48725 14
118.7 8.43080 14
118.8 8.36167 14
118.9 8.32560 14
119.0 8.30821 14
119.1 8.30175 14
119.2 8.30409 14
119.3 8.31294 14
119.4 8.32849 14
119.5 8.35342 14
119.6 8.38984 14
119.7 8.44476 14
119.8 8.46575 14
119.9 8.46995 14
120.0 8.47096 14
120.1 8.47037 14
120.2 8.46855 14
120.3 8.46595 14
120.4 8.46293 14
120.5 8.45900 14
120.6 8.45557 14
120.7 8.45206 14
120.8 8.44850 14
120.9 8.44493 14
121.0 8.44072 14
121.1 8.46887 14
121.2 8.46641 14
121.3 8.46349 14
121.4 8.45966 14
121.5 8.45630 14
121.6 8.45286 14
121.7 8.44937 14
121.8 8.44586 14
121.9 8.44170 14
122.0 8.43819 14
122.1 8.43467 14
122.2 8.43115 14
122.3 8.42765 14
122.4 8.42352 14
122.5 8.42003 14
122.6 8.41654 14
122.7 8.41307 14
122.8 8.41628 14
122.9 8.42201 14
123.0 8.42788 14
123.1 8.43377 14
123.2 8.43965 14
123.3 8.44553 14
123.4 8.45155 14
123.5 8.45795 14
123.6 8.46435 14
123.7 8.47076 14
123.8 8.47716 14
123.9 8.48357 14
124.0 8.48986 14
124.1 8.49627 14
124.2 8.50268 14
124.3 8.50909 14
124.4 8.51551 14
124.5 8.52182 14
124.6 8.52824 14
124.7 8.53466 14
124.8 8.54108 14
124.9 8.54750 14
125.0 8.55381 14
125.1 8.56024 14
125.2 8.56667 14
125.3 8.51008 14
125.4 8.51639 14
125.5 8.52259 14
125.6 8.52890 14
125.7 8.53521 14
125.8 8.54152 14
125.9 8.54784 14
126.0 8.55404 14
126.1 8.56036 14
126.2 8.56668 14
126.3 8.57300 14
126.4 8.57933 14
126.5 8.58554 14
126.6 8.59186 14
126.7 8.59818 14
126.8 8.60451 14
126.9 8.61085 14
127.0 8.61707 14
127.1 8.62340 14
127.2 8.62974 14
127.3 8.63607 14
127.4 8.64241 14
127.5 8.64874 14
127.6 8.65498 14
127.7 8.66572 14
127.8 8.66930 14
127.9 8.67313 14
128.0 8.67720 14
128.1 9.00869 14
128.2 8.96341 14
128.3 8.88190 14
128.4 8.83553 14
128.5 8.80992 14
128.6 8.79734 14
128.7 8.79308 14
128.8 8.79619 14
128.9 8.80494 14
129.0 8.81949 14
129.1 8.84091 14
129.2 8.87289 14
129.3 8.91724 14
129.4 8.97758 14
129.5 8.98415 14
129.6 8.98776 14
129.7 8.79427 14
129.8 8.79355 14
129.9 8.79867 14
130.0 8.80918 14
130.1 8.82553 14
130.2 8.84904 14
130.3 8.88397 14
130.4 8.93210 14
130.5 8.97952 14
130.6 8.98522 14
130.7 8.98821 14
130.8 8.98854 14
130.9 8.98772 14
131.0 8.98586 14
131.1 8.98329 14
131.2 8.98029 14
131.3 8.97701 14
131.4 8.97289 14
131.5 8.96935 14
131.6 8.96575 14
131.7 8.96211 14
131.8 8.95846 14
131.9 8.95479 14
132.0 8.95046 14
132.1 8.94680 14
132.2 8.94314 14
132.3 8.93950 14
132.4 8.93585 14
132.5 8.93155 14
132.6 8.92793 14
132.7 8.92430 14
132.8 8.92069 14
132.9 8.92029 14
133.0 8.92612 14
133.1 8.93180 14
133.2 8.93763 14
133.3 8.94348 14
133.4 8.94932 14
133.5 8.95516 14
133.6 8.96100 14
133.7 8.96713 14
133.8 8.97341 14
133.9 8.97969 14
134.0 8.98598 14
134.1 8.99227 14
134.2 8.99855 14
134.3 9.00471 14
134.4 8.94081 14
134.5 8.94655 14
134.6 8.95228 14
134.7 8.95801 14
134.8 8.96381 14
134.9 8.96997 14
135.0 8.97613 14
135.1 8.98230 14
135.2 8.98847 14
135.3 8.99464 14
135.4 9.00069 14
135.5 9.00686 14
135.6 9.01302 14
135.7 9.01919 14
135.8 9.02536 14
135.9 9.03153 14
136.0 9.03759 14
136.1 9.04377 14
136.2 9.04994 14
136.3 9.05611 14
136.4 9.06229 14
136.5 9.06846 14
136.6 9.07452 14
136.7 9.08069 14
136.8 9.08688 14
136.9 9.09306 14
137.0 9.09924 14
137.1 9.10542 14
137.2 9.11148 14
137.3 9.11766 14
137.4 9.12384 14
137.5 9.13002 14
137.6 9.13620 14
137.7 9.14240 14
137.8 9.14846 14
137.9 9.15464 14
138.0 9.16083 14
138.1 9.16702 14
138.2 9.17320 14
138.3 9.17939 14
138.4 9.18557 14
138.5 9.19165 14
138.6 9.19784 14
138.7 9.20518 14
138.8 9.20880 14
138.9 9.21264 14
139.0 9.21668 14
139.1 9.59665 14
139.2 9.55874 14
139.3 9.46864 14
139.4 9.17076 14
139.5 9.17682 14
139.6 9.18289 14
139.7 9.18883 14
139.8 9.19492 14
139.9 9.20099 14
140.0 9.20692 14
140.1 9.21058 14
140.2 9.21444 14
140.3 9.21825 14
140.4 9.59277 14
140.5 9.51794 14
140.6 9.44472 14
140.7 9.39941 14
140.8 9.37196 14
140.9 9.35638 14
141.0 9.34840 14
141.1 9.34765 14
141.2 9.35191 14
141.3 9.36074 14
141.4 9.37432 14
141.5 9.39331 14
141.6 9.42039 14
141.7 9.45583 14
141.8 9.50394 14
141.9 9.56191 14
142.0 9.56803 14
142.1 9.57167 14
142.2 9.57281 14
142.3 9.57272 14
142.4 9.57146 14
142.5 9.56937 14
142.6 9.56670 14
142.7 9.56363 14
142.8 9.56032 14
142.9 9.55612 14
143.0 9.55251 14
143.1 9.54885 14
143.2 9.54514 14
143.3 9.54141 14
143.4 9.53767 14
143.5 9.53320 14
143.6 9.52943 14
143.7 9.52569 14
143.8 9.52194 14
143.9 9.51819 14
144.0 9.51445 14
144.1 9.51072 14
144.2 9.50628 14
144.3 9.50257 14
144.4 9.49886 14
144.5 9.49515 14
144.6 9.49146 14
144.7 9.53929 14
144.8 9.53561 14
144.9 9.53120 14
145.0 9.52753 14
145.1 9.52386 14
145.2 9.52018 14
145.3 9.51651 14
145.4 9.51286 14
145.5 9.52147 14
145.6 9.51775 14
145.7 9.51405 14
145.8 9.51036 14
145.9 9.50595 14
146.0 9.50227 14
146.1 9.49860 14
146.2 9.49492 14
146.3 9.49127 14
146.4 9.53905 14
146.5 9.53541 14
146.6 9.53104 14
146.7 9.52740 14
146.8 9.52376 14
146.9 9.52012 14
147.0 9.51648 14
147.1 9.51286 14
147.2 9.52143 14
147.3 9.51774 14
147.4 9.51408 14
147.5 9.51041 14
147.6 9.50604 14
147.7 9.50240 14
147.8 9.49876 14
147.9 9.49511 14
148.0 9.49149 14
148.1 9.53923 14
148.2 9.53563 14
148.3 9.53128 14
148.4 9.52768 14
148.5 9.52407 14
148.6 9.52046 14
148.7 9.51686 14
148.8 9.51327 14
148.9 9.52180 14
149.0 9.51815 14
149.1 9.51451 14
149.2 9.51088 14
149.3 9.50654 14
149.4 9.50293 14
149.5 9.49932 14
149.6 9.49570 14
149.7 9.49212 14
149.8 9.50111 14
149.9 9.53624 14
