15.0 1.40303 13
15.1 1.41039 13
15.2 1.41794 13
15.3 1.42533 13
15.4 1.43274 13
15.5 1.43997 13
15.6 1.44740 13
15.7 1.45485 13
15.8 1.46230 13
15.9 1.46977 13
16.0 1.47705 13
16.1 1.48490 13
16.2 1.49219 13
16.3 1.49972 13
16.4 1.50703 13
16.5 1.51458 13
16.6 1.52191 13
16.7 1.52949 13
16.8 1.53683 13
16.9 1.54417 13
17.0 1.55152 13
17.1 1.55916 13
17.2 1.56653 13
17.3 1.57390 13
17.4 1.58128 13
17.5 1.58867 13
17.6 1.59606 13
17.7 1.60346 13
17.8 1.61087 13
17.9 1.61828 13
18.0 1.62570 13
18.1 1.63312 13
18.2 1.64056 13
18.3 1.64800 13
18.4 1.65596 13
18.5 1.66342 13
18.6 1.67051 13
18.7 1.67798 13
18.8 1.68546 13
18.9 1.69295 13
19.0 1.70004 13
19.1 1.70755 13
19.2 1.71840 13
19.3 1.72870 13
19.4 1.73971 13
19.5 1.75080 13
19.6 1.76129 13
19.7 1.77253 13
19.8 1.78387 13
19.9 1.79456 13
20.0 1.80605 13
20.1 1.81687 13
20.2 1.82853 13
20.3 1.83947 13
20.4 1.85130 13
20.5 1.86237 13
20.6 1.87437 13
20.7 1.88557 13
20.8 1.89774 13
20.9 1.90908 13
21.0 1.92142 13
21.1 1.93290 13
21.2 1.94443 13
21.3 1.95828 13
21.4 1.96998 13
21.5 1.98279 13
21.6 1.99462 13
21.7 9.77585 14
21.8 9.48919 14
21.9 9.20502 14
22.0 8.95852 14
22.1 8.64338 14
22.2 8.46842 14
22.3 8.16766 14
22.4 7.95189 14
22.5 7.67669 14
22.6 7.57910 14
22.7 7.59288 14
22.8 7.67215 14
22.9 7.68222 14
23.0 7.71385 14
23.1 7.76641 14
23.2 7.80023 14
23.3 7.83611 14
23.4 7.86450 14
23.5 7.92127 14
23.6 7.96291 14
23.7 7.98636 14
23.8 8.02721 14
23.9 8.06314 14
24.0 8.10695 14
24.1 8.14754 14
24.2 8.19135 14
24.3 8.23376 14
24.4 8.28723 14
24.5 8.32974 14
24.6 8.36860 14
24.7 8.40785 14
24.8 8.44657 14
24.9 5.70187 14
25.0 5.72078 14
25.1 5.74313 14
25.2 5.76336 14
25.3 5.78369 14
25.4 5.80487 14
25.5 5.82657 14
25.6 5.84870 14
25.7 5.87101 14
25.8 8.54917 14
25.9 8.55566 14
26.0 8.56105 14
26.1 8.56634 14
26.2 8.57155 14
26.3 8.57669 14
26.4 8.58176 14
26.5 8.58673 14
26.6 8.59851 14
26.7 8.60930 14
26.8 8.62024 14
26.9 8.63133 14
27.0 8.64263 14
27.1 8.65414 14
27.2 8.66592 14
27.3 8.67864 14
27.4 8.69210 14
27.5 8.70587 14
27.6 8.72003 14
27.7 8.73463 14
27.8 5.70843 14
27.9 5.71825 14
28.0 5.72874 14
28.1 5.74006 14
28.2 5.75248 14
28.3 5.76271 14
28.4 5.77343 14
28.5 5.78450 14
28.6 5.79494 14
28.7 5.80546 14
28.8 5.77496 14
28.9 5.78060 14
29.0 5.78640 14
29.1 5.79237 14
29.2 5.79854 14
29.3 5.80493 14
29.4 5.81130 14
29.5 5.81852 14
29.6 5.89745 14
29.7 5.89634 14
29.8 5.88706 14
29.9 5.88112 14
30.0 5.88387 14
30.1 5.89201 14
30.2 5.90489 14
30.3 5.92990 14
30.4 5.94769 14
30.5 5.95946 14
30.6 5.96827 14
30.7 5.97514 14
30.8 5.98095 14
30.9 5.98622 14
31.0 5.99126 14
31.1 5.99612 14
31.2 6.00089 14
31.3 6.00560 14
31.4 6.01026 14
31.5 6.01488 14
31.6 6.01945 14
31.7 6.02691 14
31.8 6.03607 14
31.9 6.04534 14
32.0 6.05473 14
32.1 6.06425 14
32.2 6.07393 14
32.3 6.08378 14
32.4 6.09456 14
32.5 6.10565 14
32.6 6.11694 14
32.7 6.12846 14
32.8 6.14024 14
32.9 6.15233 14
33.0 6.16094 14
33.1 6.17366 14
33.2 6.18687 14
33.3 6.20069 14
33.4 6.21525 14
33.5 6.23073 14
33.6 6.24738 14
33.7 6.26550 14
33.8 6.28488 14
33.9 6.24216 14
34.0 6.24830 14
34.1 6.25487 14
34.2 6.26189 14
34.3 6.26938 14
34.4 6.37132 14
34.5 6.36287 14
34.6 6.33821 14
34.7 6.33617 14
34.8 6.34572 14
34.9 6.36538 14
35.0 6.39742 14
35.1 6.41326 14
35.2 6.42293 14
35.3 6.42888 14
35.4 6.43311 14
35.5 6.43665 14
35.6 6.43991 14
35.7 6.44304 14
35.8 6.44609 14
35.9 6.44910 14
36.0 6.45082 14
36.1 6.45376 14
36.2 6.46247 14
36.3 6.47228 14
36.4 6.47833 14
36.5 6.48837 14
36.6 6.49861 14
36.7 6.50919 14
36.8 6.52106 14
36.9 6.53315 14
37.0 6.54550 14
37.1 6.55815 14
37.2 6.57117 14
37.3 6.58464 14
37.4 6.59875 14
37.5 6.61363 14
37.6 6.62937 14
37.7 6.64624 14
37.8 6.66454 14
37.9 6.68468 14
38.0 6.70726 14
38.1 6.65949 14
38.2 6.66515 14
38.3 6.67141 14
38.4 6.67831 14
38.5 6.68238 14
38.6 6.80231 14
38.7 6.78228 14
38.8 6.75479 14
38.9 6.75408 14
39.0 6.76747 14
39.1 6.79582 14
39.2 6.82978 14
39.3 6.84339 14
39.4 6.85033 14
39.5 6.85394 14
39.6 6.85632 14
39.7 6.85823 14
39.8 6.85995 14
39.9 6.86160 14
40.0 6.86321 14
40.1 6.86478 14
40.2 6.86759 14
40.3 6.87774 14
40.4 6.88282 14
40.5 6.89322 14
40.6 6.90384 14
40.7 6.91473 14
40.8 6.92714 14
40.9 6.93997 14
41.0 6.95309 14
41.1 6.96658 14
41.2 6.98051 14
41.3 6.99497 14
41.4 7.01007 14
41.5 7.02598 14
41.6 7.04291 14
41.7 7.06113 14
41.8 7.08102 14
41.9 7.10307 14
42.0 7.11378 14
42.1 7.07009 14
42.2 7.07505 14
42.3 7.08073 14
42.4 7.08715 14
42.5 7.09431 14
42.6 7.22869 14
42.7 7.19241 14
42.8 7.16919 14
42.9 7.17163 14
43.0 7.18975 14
43.1 7.22805 14
43.2 7.25973 14
43.3 7.27122 14
43.4 7.27612 14
43.5 7.27813 14
43.6 7.27856 14
43.7 7.27929 14
43.8 7.27976 14
43.9 7.28014 14
44.0 7.28047 14
44.1 7.28071 14
44.2 7.28101 14
44.3 7.28942 14
44.4 7.29990 14
44.5 7.31061 14
44.6 7.32158 14
44.7 7.33347 14
44.8 7.34660 14
44.9 7.36001 14
45.0 7.37377 14
45.1 7.38794 14
45.2 7.39285 14
45.3 7.40767 14
45.4 7.42314 14
45.5 7.43945 14
45.6 7.45677 14
45.7 7.47538 14
45.8 7.49565 14
45.9 7.51807 14
46.0 7.54329 14
46.1 7.49003 14
46.2 7.49482 14
46.3 7.49586 14
46.4 7.50158 14
46.5 7.50810 14
46.6 7.51544 14
46.7 7.66651 14
46.8 7.63220 14
46.9 7.59494 14
47.0 7.59162 14
47.1 7.60616 14
47.2 7.63968 14
47.3 7.65125 14
47.4 7.50828 14
47.5 7.49379 14
47.6 7.48653 14
47.7 7.43072 14
47.8 7.41620 14
47.9 7.40155 14
48.0 7.38662 14
48.1 7.38021 14
48.2 7.37451 14
48.3 7.35875 14
48.4 7.34242 14
48.5 7.32544 14
48.6 7.31867 14
48.7 7.30051 14
48.8 7.29321 14
48.9 7.28711 14
49.0 7.28025 14
49.1 7.28001 14
49.2 7.27976 14
49.3 7.27938 14
49.4 7.27909 14
49.5 7.27873 14
49.6 7.27873 14
49.7 7.27826 14
49.8 7.27741 14
49.9 7.27517 14
50.0 7.26832 14
50.1 7.24938 14
50.2 7.25422 14
50.3 7.20351 14
50.4 7.17891 14
50.5 7.18057 14
50.6 7.18276 14
50.7 7.17979 14
50.8 7.23175 14
50.9 7.17443 14
51.0 7.19446 14
51.1 7.13206 14
51.2 7.07518 14
51.3 7.05052 14
51.4 7.04692 14
51.5 7.04661 14
51.6 7.06683 14
51.7 7.08715 14
51.8 7.12969 14
51.9 7.14139 14
52.0 7.25906 14
52.1 7.20952 14
52.2 7.24334 14
52.3 7.30000 14
52.4 7.30953 14
52.5 7.30974 14
52.6 7.31114 14
52.7 7.31168 14
52.8 7.31274 14
52.9 7.31761 14
53.0 7.33655 14
53.1 7.35814 14
53.2 7.37991 14
53.3 7.40172 14
53.4 7.42362 14
53.5 7.44571 14
53.6 7.46784 14
53.7 7.51183 14
53.8 7.52488 14
53.9 7.52490 14
54.0 7.63238 14
54.1 7.60105 14
54.2 7.64756 14
54.3 7.70582 14
54.4 7.71487 14
54.5 7.71584 14
54.6 7.71576 14
54.7 7.71623 14
54.8 7.71714 14
54.9 7.73633 14
55.0 7.75975 14
55.1 7.78320 14
55.2 7.80673 14
55.3 7.83038 14
55.4 7.82888 14
55.5 7.85260 14
55.6 7.87634 14
55.7 7.90020 14
55.8 7.94539 14
55.9 7.96009 14
56.0 8.05772 14
56.1 8.04611 14
56.2 8.10691 14
56.3 8.16565 14
56.4 8.17340 14
56.5 8.17440 14
56.6 8.17357 14
56.7 8.17258 14
56.8 8.17338 14
56.9 8.17236 14
57.0 8.18748 14
57.1 8.21137 14
57.2 8.23658 14
57.3 8.26178 14
57.4 8.28709 14
57.5 8.31258 14
57.6 8.33809 14
57.7 8.36370 14
57.8 8.38951 14
57.9 8.43537 14
58.0 8.63422 14
58.1 8.54829 14
58.2 8.55039 14
58.3 8.54428 14
58.4 8.60360 14
58.5 8.68073 14
58.6 8.69164 14
58.7 8.68972 14
58.8 8.69261 14
58.9 8.69132 14
59.0 8.69039 14
59.1 8.68850 14
59.2 8.68741 14
59.3 8.70912 14
59.4 8.73544 14
59.5 8.76229 14
59.6 8.78933 14
59.7 8.81637 14
59.8 8.80913 14
59.9 8.83622 14
60.0 8.86328 14
60.1 8.89045 14
60.2 8.91783 14
60.3 8.97468 14
60.4 8.99015 14
60.5 9.19868 14
60.6 9.10241 14
60.7 9.12413 14
60.8 9.23154 14
60.9 9.27082 14
61.0 9.27705 14
61.1 9.27544 14
61.2 9.27276 14
61.3 9.27433 14
61.4 9.27150 14
61.5 9.26859 14
61.6 9.27044 14
61.7 9.29348 14
61.8 9.32183 14
61.9 9.35041 14
62.0 9.37908 14
62.1 9.40796 14
62.2 9.43683 14
62.3 9.46578 14
62.4 9.49495 14
62.5 9.52410 14
62.6 9.55346 14
62.7 9.60416 14
62.8 9.85807 14
62.9 9.61507 14
63.0 9.78307 14
63.1 9.73350 14
63.2 9.77384 14
63.3 9.90022 14
63.4 9.93036 14
63.5 9.93413 14
63.6 9.93144 14
63.7 9.92876 14
63.8 9.92476 14
63.9 9.92173 14
64.0 9.92645 14
64.1 9.95150 14
64.2 9.98178 14
64.3 10.01228 14
64.4 9.99714 14
64.5 10.02752 14
64.6 10.05799 14
64.7 10.08867 14
64.8 10.11932 14
64.9 10.15020 14
65.0 10.18104 14
65.1 10.21211 14
65.2 10.24313 14
65.3 10.29716 14
65.4 10.59229 14
65.5 10.46328 14
65.6 10.44864 14
65.7 10.51067 14
65.8 10.64555 14
65.9 10.67090 14
66.0 10.66076 14
66.1 10.67341 14
66.2 10.67183 14
66.3 10.66834 14
66.4 10.66317 14
66.5 10.65778 14
66.6 10.65369 14
66.7 10.66481 14
66.8 10.69194 14
66.9 10.72416 14
67.0 10.75659 14
67.1 10.78896 14
67.2 10.82156 14
67.3 10.85412 14
67.4 10.88677 14
67.5 10.91965 14
67.6 10.89757 14
67.7 10.93029 14
67.8 10.96297 14
67.9 10.99587 14
68.0 11.06299 14
68.1 11.08184 14
68.2 11.39804 14
68.3 11.24886 14
68.4 11.25098 14
68.5 11.32832 14
68.6 11.47543 14
68.7 11.50087 14
68.8 11.50337 14
68.9 11.49840 14
69.0 11.49313 14
69.1 11.48659 14
69.2 11.49076 14
69.3 11.48531 14
69.4 11.47864 14
69.5 11.47292 14
69.6 11.50048 14
69.7 11.53123 14
69.8 11.56528 14
69.9 11.59958 14
70.0 11.63380 14
70.1 11.66827 14
70.2 11.70267 14
70.3 11.73732 14
70.4 11.77189 14
70.5 11.80655 14
70.6 11.84143 14
70.7 11.87626 14
70.8 11.94173 14
70.9 11.88117 14
71.0 11.94444 14
71.1 11.96601 14
71.2 12.21401 14
71.3 12.13364 14
71.4 12.16080 14
71.5 12.26873 14
71.6 12.41298 14
71.7 12.43367 14
71.8 12.43432 14
71.9 12.42757 14
72.0 12.42102 14
72.1 12.41286 14
72.2 12.40593 14
72.3 12.39769 14
72.4 12.40907 14
72.5 12.43916 14
72.6 12.41024 14
72.7 12.44016 14
72.8 12.47493 14
72.9 12.51082 14
73.0 12.54697 14
73.1 12.58303 14
73.2 12.61931 14
73.3 12.65553 14
73.4 12.69201 14
73.5 12.72841 14
73.6 12.76506 14
73.7 12.80162 14
73.8 12.83844 14
73.9 12.91242 14
74.0 12.93413 14
74.1 13.35489 14
74.2 13.16667 14
74.3 13.35867 14
74.4 13.17375 14
74.5 13.13561 14
74.6 13.18303 14
74.7 13.32243 14
74.8 13.46151 14
74.9 13.47975 14
75.0 13.47898 14
75.1 13.47104 14
75.2 13.46302 14
75.3 13.45323 14
75.4 13.44475 14
75.5 13.43487 14
75.6 13.43104 14
75.7 13.46285 14
75.8 13.49632 14
75.9 13.53422 14
76.0 13.57239 14
76.1 13.52738 14
76.2 13.56530 14
76.3 13.60309 14
76.4 13.64117 14
76.5 13.67913 14
76.6 13.71736 14
76.7 13.75548 14
76.8 13.79387 14
76.9 13.83234 14
77.0 13.87065 14
77.1 13.90930 14
77.2 13.84198 14
77.3 13.88021 14
77.4 13.91838 14
77.5 13.95682 14
77.6 13.98918 14
77.7 14.18704 14
77.8 14.12330 14
77.9 13.99572 14
78.0 14.15475 14
78.1 14.08733 14
78.2 14.08268 14
78.3 14.10651 14
78.4 14.16620 14
78.5 14.22487 14
78.6 14.23262 14
78.7 14.23230 14
78.8 14.22889 14
78.9 14.22530 14
79.0 14.22096 14
79.1 14.21712 14
79.2 14.21264 14
79.3 14.20887 14
79.4 14.21323 14
79.5 14.22612 14
79.6 14.23973 14
79.7 14.22078 14
79.8 14.23359 14
79.9 14.24833 14
80.0 14.26327 14
80.1 14.27811 14
80.2 14.29305 14
80.3 14.30788 14
80.4 14.32278 14
80.5 14.33760 14
80.6 14.35250 14
80.7 14.36740 14
80.8 14.38220 14
80.9 14.39711 14
81.0 14.41192 14
81.1 14.42681 14
81.2 14.45353 14
81.3 14.46271 14
81.4 14.64322 14
81.5 14.56507 14
81.6 14.66670 14
81.7 14.59457 14
81.8 14.55526 14
81.9 14.55748 14
82.0 14.58521 14
82.1 14.64868 14
82.2 14.70865 14
82.3 14.71644 14
82.4 14.71576 14
82.5 14.71274 14
82.6 14.70827 14
82.7 14.70396 14
82.8 14.69914 14
82.9 14.69490 14
83.0 14.69067 14
83.1 14.68586 14
83.2 14.69723 14
83.3 14.70986 14
83.4 14.72373 14
83.5 14.73840 14
83.6 14.71387 14
83.7 14.72826 14
83.8 14.74283 14
83.9 14.75748 14
84.0 14.77214 14
84.1 14.78670 14
84.2 14.80133 14
84.3 14.81589 14
84.4 14.83053 14
84.5 14.84509 14
84.6 14.85973 14
84.7 14.87437 14
84.8 14.88892 14
84.9 14.90355 14
85.0 14.91810 14
85.1 14.94453 14
85.2 14.95325 14
85.3 15.16545 14
85.4 15.07544 14
85.5 15.05000 14
85.6 15.15432 14
85.7 15.06796 14
85.8 15.04966 14
85.9 15.06113 14
86.0 15.09658 14
86.1 15.17192 14
86.2 15.22021 14
86.3 15.22631 14
86.4 15.22562 14
86.5 15.22171 14
86.6 15.21748 14
86.7 15.21238 14
86.8 15.20779 14
86.9 15.20300 14
87.0 15.19779 14
87.1 15.19318 14
87.2 15.19466 14
87.3 15.20729 14
87.4 15.21992 14
87.5 15.23379 14
87.6 15.20756 14
87.7 15.22009 14
87.8 15.23388 14
87.9 15.24823 14
88.0 15.26249 14
88.1 15.27684 14
88.2 15.29118 14
88.3 15.30543 14
88.4 15.31975 14
88.5 15.33398 14
88.6 15.34833 14
88.7 15.36267 14
88.8 15.37691 14
88.9 15.39124 14
89.0 15.40548 14
89.1 15.41981 14
89.2 15.43414 14
89.3 15.44836 14
89.4 15.46898 14
89.5 15.70669 14
89.6 15.62804 14
89.7 15.46773 14
89.8 15.70902 14
89.9 15.64241 14
90.0 15.58395 14
90.1 15.57373 14
90.2 15.58814 14
90.3 15.62427 14
90.4 15.69947 14
90.5 15.75694 14
90.6 15.76452 14
90.7 15.76399 14
90.8 15.76074 14
90.9 15.75574 14
91.0 15.75095 14
91.1 15.74602 14
91.2 15.74046 14
91.3 15.73528 14
91.4 15.72970 14
91.5 15.72475 14
91.6 15.72875 14
91.7 15.74109 14
91.8 15.72624 14
91.9 15.72486 14
92.0 15.73710 14
92.1 15.74947 14
92.2 15.76226 14
92.3 15.77619 14
92.4 15.79021 14
92.5 15.80424 14
92.6 15.81816 14
92.7 15.83218 14
92.8 15.84611 14
92.9 15.86009 14
93.0 15.87410 14
93.1 15.88802 14
93.2 15.90203 14
93.3 15.91603 14
93.4 15.92995 14
93.5 15.94395 14
93.6 15.95786 14
93.7 15.97186 14
93.8 15.98586 14
93.9 15.99976 14
94.0 15.96512 14
94.1 15.97901 14
94.2 15.99289 14
94.3 16.01312 14
94.4 16.02216 14
94.5 16.23247 14
94.6 16.14987 14
94.7 16.12740 14
94.8 16.13181 14
94.9 16.15551 14
95.0 16.20276 14
95.1 16.29736 14
95.2 16.32843 14
95.3 16.33366 14
95.4 16.33216 14
95.5 16.32846 14
95.6 16.32372 14
95.7 16.31799 14
95.8 16.31272 14
95.9 16.30659 14
96.0 16.30127 14
96.1 16.29594 14
96.2 16.29003 14
96.3 16.30484 14
96.4 16.29956 14
96.5 16.29428 14
96.6 16.28841 14
96.7 16.28690 14
96.8 16.29912 14
96.9 16.31121 14
97.0 16.32344 14
97.1 16.33691 14
97.2 16.35063 14
97.3 16.36434 14
97.4 16.37795 14
97.5 16.39166 14
97.6 16.40533 14
97.7 16.41894 14
97.8 16.43264 14
97.9 16.44634 14
98.0 16.45991 14
98.1 16.47357 14
98.2 16.48723 14
98.3 16.50079 14
98.4 16.51444 14
98.5 16.52810 14
98.6 16.48903 14
98.7 16.50248 14
98.8 16.51601 14
98.9 16.52955 14
99.0 16.54299 14
99.1 16.55651 14
99.2 16.57004 14
99.3 16.58347 14
99.4 16.59796 14
99.5 16.86097 14
99.6 16.75940 14
99.7 16.71863 14
99.8 16.71160 14
99.9 16.72388 14
100.0 16.75367 14
100.1 16.80838 14
100.2 16.91371 14
100.3 16.93124 14
100.4 16.93577 14
100.5 16.93409 14
100.6 16.93024 14
100.7 16.92507 14
100.8 16.91909 14
100.9 16.91354 14
101.0 16.93059 14
101.1 16.92576 14
101.2 16.91961 14
101.3 16.91412 14
101.4 16.90856 14
101.5 16.90238 14
101.6 16.89679 14
101.7 16.89121 14
101.8 16.88504 14
101.9 16.87949 14
102.0 16.88973 14
102.1 16.90162 14
102.2 16.91364 14
102.3 16.92591 14
102.4 16.93916 14
102.5 16.95251 14
102.6 16.96580 14
102.7 16.97905 14
102.8 16.99239 14
102.9 17.00572 14
103.0 17.01895 14
103.1 17.03228 14
103.2 17.04561 14
103.3 17.05883 14
103.4 17.07216 14
103.5 17.02824 14
103.6 17.04144 14
103.7 17.05455 14
103.8 17.06775 14
103.9 17.08095 14
104.0 17.09405 14
104.1 17.10724 14
104.2 17.12043 14
104.3 17.13363 14
104.4 17.14667 14
104.5 17.15985 14
104.6 17.17304 14
104.7 17.18612 14
104.8 17.19930 14
104.9 17.21102 14
105.0 17.49189 14
105.1 17.38634 14
105.2 17.34175 14
105.3 17.33009 14
105.4 17.33812 14
105.5 17.36114 14
105.6 17.40362 14
105.7 17.47714 14
105.8 17.56190 14
105.9 17.57173 14
106.0 17.57377 14
106.1 17.43196 14
106.2 17.52678 14
106.3 17.56756 14
106.4 17.57332 14
106.5 17.57319 14
106.6 17.56991 14
106.7 17.56456 14
106.8 17.55915 14
106.9 17.55346 14
107.0 17.54767 14
107.1 17.54122 14
107.2 17.53537 14
107.3 17.52951 14
107.4 17.52306 14
107.5 17.51722 14
107.6 17.51140 14
107.7 17.51661 14
107.8 17.52834 14
107.9 17.54014 14
108.0 17.55180 14
108.1 17.56416 14
108.2 17.57711 14
108.3 17.59006 14
108.4 17.60291 14
108.5 17.61585 14
108.6 17.62879 14
108.7 17.57979 14
108.8 17.59252 14
108.9 17.60534 14
109.0 17.61815 14
109.1 17.63097 14
109.2 17.64368 14
109.3 17.65649 14
109.4 17.66930 14
109.5 17.68198 14
109.6 17.69480 14
109.7 17.70760 14
109.8 17.72035 14
109.9 17.73304 14
110.0 17.74583 14
110.1 17.75862 14
110.2 17.77130 14
110.3 17.78409 14
110.4 17.79687 14
110.5 17.80955 14
110.6 17.82232 14
110.7 17.83509 14
110.8 17.84786 14
110.9 17.85755 14
111.0 17.85842 14
111.1 18.16769 14
111.2 18.07285 14
111.3 18.01030 14
111.4 17.85705 14
111.5 17.85779 14
111.6 18.16914 14
111.7 18.08170 14
111.8 18.01424 14
111.9 17.99010 14
112.0 17.98748 14
112.1 17.99953 14
112.2 18.02523 14
112.3 18.06817 14
112.4 18.13937 14
112.5 18.23392 14
112.6 17.84234 14
112.7 17.84326 14
112.8 17.85515 14
112.9 18.17395 14
113.0 18.11737 14
113.1 18.03103 14
113.2 17.99294 14
113.3 17.98663 14
113.4 17.99588 14
113.5 18.02217 14
113.6 18.06300 14
113.7 18.13047 14
113.8 18.23423 14
113.9 17.84272 14
114.0 17.84345 14
114.1 17.85628 14
114.2 18.10308 14
114.3 18.21082 14
114.4 17.83818 14
114.5 17.83872 14
114.6 17.85259 14
114.7 17.86146 14
114.8 18.15673 14
114.9 18.04897 14
115.0 17.99616 14
115.1 17.98643 14
115.2 17.99296 14
115.3 18.01935 14
115.4 18.05775 14
115.5 18.12068 14
115.6 18.23415 14
115.7 17.83068 14
115.8 17.84464 14
115.9 17.85698 14
116.0 18.17097 14
116.1 18.08229 14
116.2 18.00652 14
116.3 17.98792 14
116.4 17.98979 14
116.5 18.01149 14
116.6 18.04477 14
116.7 18.10821 14
116.8 18.23158 14
116.9 17.82864 14
117.0 17.84415 14
117.1 17.85663 14
117.2 18.06043 14
117.3 18.14623 14
117.4 18.23636 14
117.5 17.83404 14
117.6 17.84785 14
117.7 17.85906 14
117.8 18.16471 14
117.9 18.05281 14
118.0 17.99757 14
118.1 17.98642 14
118.2 17.99712 14
118.3 18.02798 14
118.4 18.07829 14
118.5 18.16636 14
118.6 18.24023 14
118.7 17.83811 14
118.8 17.85461 14
118.9 18.17349 14
119.0 18.08804 14
119.1 18.00881 14
119.2 17.98762 14
119.3 17.99145 14
119.4 18.01902 14
119.5 18.06948 14
119.6 18.15069 14
119.7 18.23993 14
119.8 17.83775 14
119.9 17.85541 14
120.0 18.17209 14
120.1 18.06713 14
120.2 18.15258 14
120.3 18.24002 14
120.4 17.83773 14
120.5 17.85531 14
120.6 18.17243 14
120.7 18.07004 14
120.8 18.00322 14
120.9 17.98643 14
121.0 17.99720 14
121.1 18.03696 14
121.2 18.09312 14
121.3 18.23185 14
121.4 17.83172 14
121.5 17.84855 14
121.6 17.86054 14
121.7 18.09181 14
121.8 18.00618 14
121.9 17.98643 14
122.0 17.99768 14
122.1 18.03813 14
122.2 18.10403 14
122.3 18.23775 14
122.4 17.83844 14
122.5 17.85580 14
122.6 18.16735 14
122.7 18.03065 14
122.8 17.98871 14
122.9 17.99319 14
123.0 18.03636 14
123.1 18.11005 14
123.2 18.24014 14
123.3 18.06979 14
123.4 17.99712 14
123.5 17.98841 14
123.6 18.01648 14
123.7 18.08543 14
123.8 18.23566 14
123.9 17.83475 14
124.0 17.85641 14
124.1 18.16381 14
124.2 18.00611 14
124.3 17.98778 14
124.4 18.01742 14
124.5 18.10441 14
124.6 17.82772 14
124.7 17.85786 14
124.8 18.14767 14
124.9 17.99794 14
125.0 17.99035 14
125.1 18.03639 14
125.2 18.14060 14
125.3 17.83488 14
125.4 18.16837 14
125.5 18.02794 14
125.6 17.98646 14
125.7 18.00723 14
125.8 18.08603 14
125.9 18.23884 14
126.0 17.85557 14
126.1 18.16576 14
126.2 18.00951 14
126.3 17.98672 14
126.4 18.01114 14
126.5 18.09688 14
126.6 17.82637 14
126.7 17.86104 14
126.8 18.05491 14
126.9 17.99184 14
127.0 17.99257 14
127.1 18.04892 14
127.2 18.23044 14
127.3 17.84147 14
127.4 18.17141 14
127.5 18.04648 14
127.6 17.98896 14
127.7 18.00045 14
127.8 18.06115 14
127.9 18.23643 14
128.0 17.85695 14
128.1 18.16289 14
128.2 18.00524 14
128.3 17.98784 14
128.4 18.01718 14
128.5 18.10250 14
128.6 17.82717 14
128.7 17.85764 14
128.8 18.15455 14
128.9 18.00258 14
129.0 17.98850 14
129.1 18.02819 14
129.2 18.11977 14
129.3 17.83318 14
129.4 18.17030 14
129.5 18.03531 14
129.6 17.98863 14
129.7 18.00084 14
129.8 18.06133 14
129.9 18.23625 14
130.0 17.85401 14
130.1 18.16940 14
130.2 18.03192 14
130.3 17.98709 14
130.4 18.00492 14
130.5 18.07898 14
130.6 18.23729 14
130.7 17.85760 14
130.8 18.15784 14
130.9 18.00365 14
131.0 17.98811 14
131.1 18.01804 14
131.2 18.10378 14
131.3 17.82724 14
131.4 17.85780 14
131.5 18.15334 14
131.6 18.00271 14
131.7 17.98838 14
131.8 18.02721 14
131.9 18.11653 14
132.0 17.82789 14
132.1 18.17090 14
132.2 18.04622 14
132.3 17.99054 14
132.4 17.99354 14
132.5 18.05119 14
132.6 18.23098 14
132.7 17.84535 14
132.8 18.17094 14
132.9 18.04606 14
133.0 17.99046 14
133.1 17.99967 14
133.2 18.05193 14
133.3 18.23518 14
133.4 17.85643 14
133.5 18.16457 14
133.6 18.00875 14
133.7 17.98667 14
133.8 18.00963 14
133.9 18.09015 14
134.0 18.23916 14
134.1 17.85615 14
134.2 18.16511 14
134.3 18.00957 14
134.4 17.98662 14
134.5 18.00927 14
134.6 18.08950 14
134.7 18.23910 14
134.8 17.85906 14
134.9 18.08917 14
135.0 17.99714 14
135.1 17.99018 14
135.2 18.02923 14
135.3 18.11940 14
135.4 17.82806 14
135.5 17.85856 14
135.6 18.14249 14
135.7 17.99824 14
135.8 17.98865 14
135.9 18.02783 14
136.0 18.11655 14
136.1 17.82767 14
136.2 18.17080 14
136.3 18.04698 14
136.4 17.99090 14
136.5 17.99292 14
136.6 18.04829 14
136.7 18.17637 14
136.8 17.84010 14
136.9 17.86163 14
137.0 18.05259 14
137.1 17.99191 14
137.2 17.99203 14
137.3 18.04019 14
137.4 18.14452 14
137.5 17.84071 14
137.6 18.16743 14
137.7 18.02796 14
137.8 17.98694 14
137.9 18.00464 14
138.0 18.06273 14
138.1 18.23614 14
138.2 17.85435 14
138.3 18.16931 14
138.4 18.03361 14
138.5 17.98864 14
138.6 18.00022 14
138.7 18.05221 14
138.8 18.23103 14
138.9 17.85657 14
139.0 18.16469 14
139.1 18.01449 14
139.2 17.98641 14
139.3 18.00777 14
139.4 18.08376 14
139.5 18.23770 14
139.6 17.85542 14
139.7 18.16718 14
139.8 18.02729 14
139.9 17.98689 14
140.0 18.00501 14
140.1 18.06320 14
140.2 18.23625 14
140.3 17.85743 14
140.4 18.16278 14
140.5 18.00672 14
140.6 17.98676 14
140.7 18.00970 14
140.8 18.08844 14
140.9 18.23852 14
141.0 17.85607 14
141.1 18.16585 14
141.2 18.01704 14
141.3 17.98644 14
141.4 18.00625 14
141.5 18.07971 14
141.6 18.23683 14
141.7 17.85788 14
141.8 18.15995 14
141.9 18.00542 14
142.0 17.98688 14
142.1 18.01045 14
142.2 18.09002 14
142.3 18.23873 14
142.4 17.85631 14
142.5 18.16541 14
142.6 18.01631 14
142.7 17.98643 14
142.8 18.00639 14
142.9 18.07972 14
143.0 18.23675 14
143.1 17.85792 14
143.2 18.16011 14
143.3 18.00562 14
143.4 17.98684 14
143.5 18.01000 14
143.6 18.08848 14
143.7 18.23839 14
143.8 17.85601 14
143.9 18.16588 14
144.0 18.01758 14
144.1 17.98675 14
144.2 18.00544 14
144.3 18.06330 14
144.4 18.23604 14
144.5 17.85729 14
144.6 18.16281 14
144.7 18.00732 14
144.8 17.98665 14
144.9 18.00842 14
145.0 18.08402 14
145.1 18.23746 14
145.2 17.85520 14
145.3 18.16717 14
145.4 18.02846 14
145.5 17.98812 14
145.6 18.00093 14
145.7 18.05260 14
145.8 18.23068 14
145.9 17.85616 14
146.0 18.16464 14
146.1 18.01551 14
146.2 17.98643 14
146.3 18.00586 14
146.4 18.06345 14
146.5 18.23586 14
146.6 17.84603 14
146.7 18.16917 14
146.8 18.04272 14
146.9 17.99054 14
147.0 17.99282 14
147.1 18.04111 14
147.2 18.14286 14
147.3 17.83483 14
147.4 18.16717 14
147.5 18.02928 14
147.6 17.98835 14
147.7 18.00004 14
147.8 18.04975 14
147.9 18.14912 14
148.0 17.83472 14
148.1 17.86185 14
148.2 18.05413 14
148.3 17.99292 14
148.4 17.99074 14
148.5 18.02948 14
148.6 18.10692 14
148.7 17.82698 14
148.8 18.17021 14
148.9 18.04796 14
149.0 17.99177 14
149.1 17.99148 14
149.2 18.03149 14
149.3 18.11993 14
149.4 17.82744 14
149.5 17.85902 14
149.6 18.14296 14
149.7 18.00288 14
149.8 17.98781 14
149.9 18.01144 14
