15.0 1.41832 13
15.1 1.42565 13
15.2 1.43314 13
15.3 1.44063 13
15.4 1.44814 13
15.5 1.45550 13
15.6 1.46302 13
15.7 1.47039 13
15.8 1.47793 13
15.9 1.48532 13
16.0 1.49288 13
16.1 1.50027 13
16.2 1.50786 13
16.3 1.51526 13
16.4 1.52267 13
16.5 1.53029 13
16.6 1.53800 13
16.7 1.54544 13
16.8 1.55288 13
16.9 1.56032 13
17.0 1.56777 13
17.1 1.57523 13
17.2 1.58269 13
17.3 1.59016 13
17.4 1.59763 13
17.5 1.60511 13
17.6 1.61259 13
17.7 1.62008 13
17.8 1.62758 13
17.9 1.63508 13
18.0 1.64259 13
18.1 1.65010 13
18.2 1.65733 13
18.3 1.66485 13
18.4 1.67276 13
18.5 1.68031 13
18.6 1.68753 13
18.7 1.69508 13
18.8 1.70264 13
18.9 1.71304 13
19.0 1.72361 13
19.1 1.73475 13
19.2 1.74545 13
19.3 1.75675 13
19.4 1.76814 13
19.5 1.77905 13
19.6 1.79061 13
19.7 1.80165 13
19.8 1.81337 13
19.9 1.82456 13
20.0 1.83645 13
20.1 1.84777 13
20.2 1.86062 13
20.3 1.87211 13
20.4 1.88436 13
20.5 1.89599 13
20.6 1.90843 13
20.7 1.92020 13
20.8 1.93281 13
20.9 1.94474 13
21.0 1.95673 13
21.1 1.96961 13
21.2 1.98175 13
21.3 1.99482 13
21.4 12.00126 14
21.5 11.97698 14
21.6 11.94837 14
21.7 11.91899 14
21.8 11.88662 14
21.9 11.85798 14
22.0 11.82901 14
22.1 11.80000 14
22.2 11.76568 14
22.3 11.73082 14
22.4 11.69261 14
22.5 11.66226 14
22.6 11.62752 14
22.7 11.59274 14
22.8 11.55519 14
22.9 11.51421 14
23.0 11.46892 14
23.1 11.43431 14
23.2 11.39742 14
23.3 11.35774 14
23.4 11.31081 14
23.5 11.25894 14
23.6 11.21651 14
23.7 11.17793 14
23.8 11.11402 14
23.9 11.02608 14
24.0 10.79043 14
24.1 10.56959 14
24.2 10.27599 14
24.3 10.00973 14
24.4 9.82354 14
24.5 5.72075 14
24.6 5.74661 14
24.7 5.76584 14
24.8 5.78442 14
24.9 5.80609 14
25.0 5.83121 14
25.1 5.85424 14
25.2 5.88065 14
25.3 5.90512 14
25.4 5.92921 14
25.5 5.95375 14
25.6 5.98022 14
25.7 6.00731 14
25.8 6.03632 14
25.9 6.06508 14
26.0 6.09427 14
26.1 6.12363 14
26.2 6.15352 14
26.3 6.18424 14
26.4 6.21610 14
26.5 6.24891 14
26.6 6.28202 14
26.7 6.31517 14
26.8 6.35102 14
26.9 6.38506 14
27.0 6.42097 14
27.1 6.45409 14
27.2 6.48617 14
27.3 6.51948 14
27.4 6.55625 14
27.5 6.59386 14
27.6 6.63283 14
27.7 6.66733 14
27.8 6.29874 14
27.9 6.31412 14
28.0 6.32959 14
28.1 6.34505 14
28.2 6.36086 14
28.3 6.37707 14
28.4 6.39372 14
28.5 6.41089 14
28.6 6.42862 14
28.7 6.44702 14
28.8 6.46619 14
28.9 6.48619 14
29.0 6.50710 14
29.1 6.52760 14
29.2 6.54811 14
29.3 6.56849 14
29.4 6.52428 14
29.5 6.53452 14
29.6 6.54512 14
29.7 6.55614 14
29.8 6.56757 14
29.9 6.57951 14
30.0 6.69106 14
30.1 6.68375 14
30.2 6.66650 14
30.3 6.67046 14
30.4 6.68468 14
30.5 6.70123 14
30.6 6.72008 14
30.7 6.74182 14
30.8 6.76747 14
30.9 6.79439 14
31.0 6.81526 14
31.1 6.83428 14
31.2 6.85144 14
31.3 6.86692 14
31.4 6.88068 14
31.5 6.89442 14
31.6 6.90735 14
31.7 6.91977 14
31.8 6.93188 14
31.9 6.94375 14
32.0 6.95548 14
32.1 6.96709 14
32.2 6.97860 14
32.3 6.99004 14
32.4 7.00141 14
32.5 7.01271 14
32.6 7.02394 14
32.7 7.03510 14
32.8 7.04654 14
32.9 7.06295 14
33.0 7.07946 14
33.1 7.09608 14
33.2 7.11282 14
33.3 7.12970 14
33.4 7.14673 14
33.5 7.16391 14
33.6 7.18128 14
33.7 7.19886 14
33.8 7.21785 14
33.9 7.23711 14
34.0 7.25661 14
34.1 7.27636 14
34.2 7.29638 14
34.3 7.31671 14
34.4 7.33741 14
34.5 7.35851 14
34.6 7.38008 14
34.7 7.40220 14
34.8 7.42497 14
34.9 7.44848 14
35.0 7.47290 14
35.1 7.49839 14
35.2 7.52520 14
35.3 7.55359 14
35.4 7.58354 14
35.5 7.53580 14
35.6 7.54784 14
35.7 7.56038 14
35.8 7.57346 14
35.9 7.58709 14
36.0 7.60132 14
36.1 7.61614 14
36.2 7.77150 14
36.3 7.76118 14
36.4 7.73442 14
36.5 7.73461 14
36.6 7.74950 14
36.7 7.77617 14
36.8 7.81795 14
36.9 7.86236 14
37.0 7.88794 14
37.1 7.90587 14
37.2 7.91903 14
37.3 7.92975 14
37.4 7.93934 14
37.5 7.94842 14
37.6 7.95724 14
37.7 7.96593 14
37.8 7.97452 14
37.9 7.98302 14
38.0 7.99146 14
38.1 7.99983 14
38.2 8.01784 14
38.3 8.03613 14
38.4 8.05463 14
38.5 8.07337 14
38.6 8.09238 14
38.7 8.11172 14
38.8 8.13311 14
38.9 8.15510 14
39.0 8.17743 14
39.1 8.20017 14
39.2 8.22337 14
39.3 8.24714 14
39.4 8.27155 14
39.5 8.29675 14
39.6 8.32290 14
39.7 8.35022 14
39.8 8.37898 14
39.9 8.40954 14
40.0 8.44234 14
40.1 8.47800 14
40.2 8.42489 14
40.3 8.43613 14
40.4 8.44823 14
40.5 8.46122 14
40.6 8.47515 14
40.7 8.49002 14
40.8 8.67030 14
40.9 8.63235 14
41.0 8.61016 14
41.1 8.61799 14
41.2 8.64453 14
41.3 8.69262 14
41.4 8.75113 14
41.5 8.77887 14
41.6 8.79553 14
41.7 8.80613 14
41.8 8.81408 14
41.9 8.82098 14
42.0 8.82744 14
42.1 8.83085 14
42.2 8.83704 14
42.3 8.84314 14
42.4 8.84918 14
42.5 8.85516 14
42.6 8.86120 14
42.7 8.88024 14
42.8 8.89035 14
42.9 8.90975 14
43.0 8.92945 14
43.1 8.94954 14
43.2 8.97157 14
43.3 8.99492 14
43.4 9.01867 14
43.5 9.04291 14
43.6 9.06770 14
43.7 9.09318 14
43.8 9.11946 14
43.9 9.14673 14
44.0 9.17522 14
44.1 9.20522 14
44.2 9.15372 14
44.3 9.10888 14
44.4 9.00213 14
44.5 8.95592 14
44.6 8.96083 14
44.7 8.96504 14
44.8 8.96663 14
44.9 8.92773 14
45.0 8.82389 14
45.1 8.90159 14
45.2 8.71835 14
45.3 8.71332 14
45.4 8.62714 14
45.5 8.58620 14
45.6 8.56675 14
45.7 8.52366 14
45.8 8.51187 14
45.9 8.49074 14
46.0 8.47820 14
46.1 8.48270 14
46.2 8.48691 14
46.3 8.48884 14
46.4 8.39136 14
46.5 8.37057 14
46.6 8.29213 14
46.7 8.29414 14
46.8 8.28136 14
46.9 8.21995 14
47.0 8.19037 14
47.1 8.15987 14
47.2 8.15915 14
47.3 8.14036 14
47.4 8.10793 14
47.5 8.10642 14
47.6 8.08429 14
47.7 8.08836 14
47.8 8.09251 14
47.9 8.09471 14
48.0 8.09702 14
48.1 8.09763 14
48.2 8.00409 14
48.3 7.99114 14
48.4 8.08137 14
48.5 8.02539 14
48.6 8.06963 14
48.7 8.14115 14
48.8 8.14875 14
48.9 8.15287 14
49.0 8.15991 14
49.1 8.16520 14
49.2 8.17023 14
49.3 8.18641 14
49.4 8.21789 14
49.5 8.25092 14
49.6 8.28410 14
49.7 8.31746 14
49.8 8.35100 14
49.9 8.38481 14
50.0 8.44470 14
50.1 8.61722 14
50.2 8.60377 14
50.3 8.55065 14
50.4 8.61572 14
50.5 8.68508 14
50.6 8.69874 14
50.7 8.70420 14
50.8 8.70886 14
50.9 8.71341 14
51.0 8.73636 14
51.1 8.77206 14
51.2 8.80784 14
51.3 8.84381 14
51.4 8.87995 14
51.5 8.91628 14
51.6 8.95288 14
51.7 8.96238 14
51.8 9.02555 14
51.9 9.21395 14
52.0 9.13952 14
52.1 9.18477 14
52.2 9.28585 14
52.3 9.30799 14
52.4 9.31401 14
52.5 9.31814 14
52.6 9.32203 14
52.7 9.33426 14
52.8 9.36825 14
52.9 9.40676 14
53.0 9.44545 14
53.1 9.45379 14
53.2 9.49266 14
53.3 9.53162 14
53.4 9.57076 14
53.5 9.61007 14
53.6 9.67735 14
53.7 9.88943 14
53.8 9.80476 14
53.9 9.85219 14
54.0 9.96962 14
54.1 9.99622 14
54.2 10.00234 14
54.3 10.00564 14
54.4 10.00975 14
54.5 10.01311 14
54.6 10.01842 14
54.7 10.05338 14
54.8 10.09464 14
54.9 10.13608 14
55.0 10.13905 14
55.1 10.18064 14
55.2 10.22229 14
55.3 10.26412 14
55.4 10.30624 14
55.5 10.39234 14
55.6 10.41661 14
55.7 10.61696 14
55.8 10.55406 14
55.9 10.62675 14
56.0 10.64311 14
56.1 10.75322 14
56.2 10.77209 14
56.3 10.77747 14
56.4 10.77977 14
56.5 10.78177 14
56.6 10.78485 14
56.7 10.81954 14
56.8 10.86361 14
56.9 10.90785 14
57.0 10.95240 14
57.1 10.99701 14
57.2 11.04179 14
57.3 11.08688 14
57.4 11.13201 14
57.5 11.13457 14
57.6 11.21991 14
57.7 11.24827 14
57.8 11.41747 14
57.9 11.40133 14
58.0 11.51147 14
58.1 11.62351 14
58.2 11.64204 14
58.3 11.64538 14
58.4 11.64774 14
58.5 11.64855 14
58.6 11.64928 14
58.7 11.68079 14
58.8 11.72579 14
58.9 11.77316 14
59.0 11.77313 14
59.1 11.82062 14
59.2 11.86817 14
59.3 11.91587 14
59.4 11.96389 14
59.5 12.01191 14
59.6 12.06011 14
59.7 12.14692 14
59.8 12.47486 14
59.9 12.34017 14
60.0 12.35222 14
60.1 12.49286 14
60.2 12.60057 14
60.3 12.61827 14
60.4 12.61787 14
60.5 12.62011 14
60.6 12.61992 14
60.7 12.62066 14
60.8 12.61997 14
60.9 12.64320 14
61.0 12.68824 14
61.1 12.73862 14
61.2 12.78917 14
61.3 12.84006 14
61.4 12.89097 14
61.5 12.94204 14
61.6 12.99346 14
61.7 13.04486 14
61.8 13.09663 14
61.9 13.09059 14
62.0 13.18061 14
62.1 13.54299 14
62.2 13.39283 14
62.3 13.40720 14
62.4 13.55459 14
62.5 13.68905 14
62.6 13.70995 14
62.7 13.71307 14
62.8 13.71145 14
62.9 13.70904 14
63.0 13.70819 14
63.1 13.71814 14
63.2 13.76199 14
63.3 13.81586 14
63.4 13.80622 14
63.5 13.85983 14
63.6 13.91380 14
63.7 13.96774 14
63.8 14.01652 14
63.9 14.03776 14
64.0 14.05895 14
64.1 14.08020 14
64.2 14.07251 14
64.3 14.09360 14
64.4 14.13357 14
64.5 14.14651 14
64.6 14.24603 14
64.7 14.22511 14
64.8 14.25716 14
64.9 14.34176 14
65.0 14.32332 14
65.1 14.35912 14
65.2 14.36476 14
65.3 14.36511 14
65.4 14.36380 14
65.5 14.36280 14
65.6 14.36125 14
65.7 14.36205 14
65.8 14.37935 14
65.9 14.39945 14
66.0 14.42054 14
66.1 14.44154 14
66.2 14.46257 14
66.3 14.48366 14
66.4 14.50469 14
66.5 14.49808 14
66.6 14.51909 14
66.7 14.54001 14
66.8 14.56103 14
66.9 14.58197 14
67.0 14.61819 14
67.1 14.78463 14
67.2 14.71485 14
67.3 14.71359 14
67.4 14.75753 14
67.5 14.84082 14
67.6 14.85698 14
67.7 14.85891 14
67.8 14.85800 14
67.9 14.85597 14
68.0 14.85433 14
68.1 14.85501 14
68.2 14.85282 14
68.3 14.85122 14
68.4 14.86463 14
68.5 14.88317 14
68.6 14.90408 14
68.7 14.92498 14
68.8 14.94596 14
68.9 14.96688 14
69.0 14.98788 14
69.1 15.00876 14
69.2 15.02972 14
69.3 15.05061 14
69.4 15.07157 14
69.5 15.09247 14
69.6 15.12566 14
69.7 15.11993 14
69.8 15.30371 14
69.9 15.23500 14
70.0 15.21742 14
70.1 15.24762 14
70.2 15.33645 14
70.3 15.37224 14
70.4 15.37827 14
70.5 15.37729 14
70.6 15.37544 14
70.7 15.37269 14
70.8 15.37047 14
70.9 15.36761 14
71.0 15.37335 14
71.1 15.39078 14
71.2 15.41097 14
71.3 15.39982 14
71.4 15.42057 14
71.5 15.44141 14
71.6 15.46214 14
71.7 15.48290 14
71.8 15.50374 14
71.9 15.52450 14
72.0 15.54535 14
72.1 15.56612 14
72.2 15.58698 14
72.3 15.60775 14
72.4 15.64638 14
72.5 15.65920 14
72.6 15.79450 14
72.7 15.75060 14
72.8 15.76615 14
72.9 15.75214 14
73.0 15.78237 14
73.1 15.86632 14
73.2 15.91714 14
73.3 15.92473 14
73.4 15.92385 14
73.5 15.92156 14
73.6 15.91816 14
73.7 15.91539 14
73.8 15.91191 14
73.9 15.90904 14
74.0 15.92386 14
74.1 15.94174 14
74.2 15.96242 14
74.3 15.98321 14
74.4 16.00390 14
74.5 16.02459 14
74.6 16.01013 14
74.7 16.03072 14
74.8 16.05141 14
74.9 16.07200 14
75.0 16.09269 14
75.1 16.11330 14
75.2 16.13398 14
75.3 16.15459 14
75.4 16.17529 14
75.5 16.20906 14
75.6 16.41173 14
75.7 16.32867 14
75.8 16.31410 14
75.9 16.34090 14
76.0 16.41395 14
76.1 16.48965 14
76.2 16.50061 14
76.3 16.49351 14
76.4 16.50120 14
76.5 16.50004 14
76.6 16.49720 14
76.7 16.49326 14
76.8 16.48981 14
76.9 16.48570 14
77.0 16.48221 14
77.1 16.48758 14
77.2 16.50504 14
77.3 16.52400 14
77.4 16.54461 14
77.5 16.56514 14
77.6 16.58576 14
77.7 16.60625 14
77.8 16.62689 14
77.9 16.64743 14
78.0 16.66804 14
78.1 16.64980 14
78.2 16.67034 14
78.3 16.64579 14
78.4 16.66618 14
78.5 16.68649 14
78.6 16.70689 14
78.7 16.72720 14
78.8 16.74761 14
78.9 16.76792 14
79.0 16.79924 14
79.1 17.00780 14
79.2 16.91923 14
79.3 16.90732 14
79.4 16.93400 14
79.5 17.00365 14
79.6 17.09404 14
79.7 17.10767 14
79.8 17.10904 14
79.9 17.10777 14
80.0 17.10903 14
80.1 17.10576 14
80.2 17.10204 14
80.3 17.09741 14
80.4 17.09334 14
80.5 17.08861 14
80.6 17.08429 14
80.7 17.09199 14
80.8 17.10924 14
80.9 17.12786 14
81.0 17.14811 14
81.1 17.16846 14
81.2 17.18870 14
81.3 17.20906 14
81.4 17.22933 14
81.5 17.24968 14
81.6 17.26994 14
81.7 17.24799 14
81.8 17.26814 14
81.9 17.28839 14
82.0 17.30849 14
82.1 17.32871 14
82.2 17.34882 14
82.3 17.36905 14
82.4 17.38926 14
82.5 17.41924 14
82.6 17.64542 14
82.7 17.55059 14
82.8 17.53268 14
82.9 17.55270 14
83.0 17.60732 14
83.1 17.72610 14
83.2 17.74786 14
83.3 17.75212 14
83.4 17.75021 14
83.5 17.75250 14
83.6 17.75081 14
83.7 17.74711 14
83.8 17.74206 14
83.9 17.73742 14
84.0 17.73207 14
84.1 17.72738 14
84.2 17.72203 14
84.3 17.72671 14
84.4 17.74393 14
84.5 17.76151 14
84.6 17.78164 14
84.7 17.80170 14
84.8 17.82186 14
84.9 17.84191 14
85.0 17.86207 14
85.1 17.88212 14
85.2 17.90229 14
85.3 17.92236 14
85.4 17.89626 14
85.5 17.91630 14
85.6 17.93625 14
85.7 17.95629 14
85.8 17.97625 14
85.9 17.99630 14
86.0 18.01623 14
86.1 18.03627 14
86.2 18.06872 14
86.3 18.32336 14
86.4 18.25986 14
86.5 18.19963 14
86.6 18.19731 14
86.7 18.22422 14
86.8 18.28529 14
86.9 18.39874 14
87.0 18.41717 14
87.1 18.42097 14
87.2 18.41803 14
87.3 18.42050 14
87.4 18.41952 14
87.5 18.41572 14
87.6 18.41111 14
87.7 18.40558 14
87.8 18.40057 14
87.9 18.39490 14
88.0 18.38986 14
88.1 18.38421 14
88.2 18.39384 14
88.3 18.41029 14
88.4 18.42684 14
88.5 18.44573 14
88.6 18.46454 14
88.7 18.48340 14
88.8 18.50220 14
88.9 18.52109 14
89.0 18.53998 14
89.1 18.55878 14
89.2 18.57767 14
89.3 18.54859 14
89.4 18.56737 14
89.5 18.58614 14
89.6 18.60482 14
89.7 18.62358 14
89.8 18.64225 14
89.9 18.66102 14
90.0 18.67969 14
90.1 18.69846 14
90.2 18.71719 14
90.3 18.74112 14
90.4 18.97815 14
90.5 18.87866 14
90.6 18.85864 14
90.7 18.87166 14
90.8 18.91101 14
90.9 18.99107 14
91.0 19.08913 14
91.1 19.10254 14
91.2 19.10425 14
91.3 19.10054 14
91.4 19.10396 14
91.5 19.10299 14
91.6 19.09912 14
91.7 19.09390 14
91.8 19.08785 14
91.9 19.08231 14
92.0 19.07609 14
92.1 19.07050 14
92.2 19.06492 14
92.3 19.05896 14
92.4 19.07533 14
92.5 19.09156 14
92.6 19.10827 14
92.7 19.12690 14
92.8 19.14542 14
92.9 19.16400 14
93.0 19.18252 14
93.1 19.20113 14
93.2 19.21975 14
93.3 19.23826 14
93.4 19.20476 14
93.5 19.22325 14
93.6 19.24164 14
93.7 19.26012 14
93.8 19.27852 14
93.9 19.29700 14
94.0 19.31548 14
94.1 19.33386 14
94.2 19.35234 14
94.3 19.37072 14
94.4 19.38920 14
94.5 19.40764 14
94.6 19.43189 14
94.7 19.70756 14
94.8 19.61697 14
94.9 19.56728 14
95.0 19.56327 14
95.1 19.58472 14
95.2 19.63194 14
95.3 19.72603 14
95.4 19.81490 14
95.5 19.82671 14
95.6 19.73220 14
95.7 19.81569 14
95.8 19.82688 14
95.9 19.82725 14
96.0 19.82346 14
96.1 19.81823 14
96.2 19.81177 14
96.3 19.80574 14
96.4 19.79901 14
96.5 19.79289 14
96.6 19.78677 14
96.7 19.78002 14
96.8 19.77527 14
96.9 19.79154 14
97.0 19.80767 14
97.1 19.82395 14
97.2 19.84194 14
97.3 19.86022 14
97.4 19.87854 14
97.5 19.89674 14
97.6 19.91506 14
97.7 19.87673 14
97.8 19.89481 14
97.9 19.91300 14
98.0 19.93118 14
98.1 19.94925 14
98.2 19.96744 14
98.3 19.98551 14
98.4 20.00369 14
98.5 20.02186 14
98.6 20.03993 14
98.7 20.05811 14
98.8 20.07627 14
98.9 20.09430 14
99.0 20.11247 14
99.1 20.13053 14
99.2 20.14869 14
99.3 20.16977 14
99.4 20.46162 14
99.5 20.36436 14
99.6 20.31335 14
99.7 20.30588 14
99.8 20.32347 14
99.9 20.36298 14
100.0 20.30486 14
100.1 20.31672 14
100.2 20.34947 14
100.3 20.41177 14
100.4 20.52833 14
100.5 20.58658 14
100.6 20.59450 14
100.7 20.59414 14
100.8 20.58935 14
100.9 20.58362 14
101.0 20.57731 14
101.1 20.57014 14
101.2 20.56354 14
101.3 20.58375 14
101.4 20.57751 14
101.5 20.57040 14
101.6 20.56386 14
101.7 20.55728 14
101.8 20.55006 14
101.9 20.54349 14
102.0 20.53692 14
102.1 20.53773 14
102.2 20.55374 14
102.3 20.53975 14
102.4 20.53260 14
102.5 20.54662 14
102.6 20.56251 14
102.7 20.57822 14
102.8 20.59473 14
102.9 20.61243 14
103.0 20.63003 14
103.1 20.64773 14
103.2 20.66542 14
103.3 20.68302 14
103.4 20.70071 14
103.5 20.71840 14
103.6 20.73599 14
103.7 20.75367 14
103.8 20.77135 14
103.9 20.78894 14
104.0 20.80658 14
104.1 20.82425 14
104.2 20.84183 14
104.3 20.85950 14
104.4 20.87707 14
104.5 20.89474 14
104.6 20.84885 14
104.7 20.86638 14
104.8 20.88381 14
104.9 20.90136 14
105.0 20.91889 14
105.1 20.93631 14
105.2 20.95283 14
105.3 21.26144 14
105.4 21.15178 14
105.5 21.10334 14
105.6 21.09426 14
105.7 21.10751 14
105.8 21.14003 14
105.9 21.19747 14
106.0 21.30213 14
106.1 20.91976 14
106.2 20.93717 14
106.3 20.95422 14
106.4 21.25849 14
106.5 21.14326 14
106.6 21.09929 14
106.7 21.09534 14
106.8 21.11224 14
106.9 21.15298 14
107.0 21.22005 14
107.1 21.09728 14
107.2 21.11776 14
107.3 21.16296 14
107.4 21.23849 14
107.5 20.91013 14
107.6 20.92891 14
107.7 20.94746 14
107.8 21.26972 14
107.9 21.17920 14
108.0 21.11261 14
108.1 21.09403 14
108.2 21.10422 14
108.3 21.13331 14
108.4 21.19123 14
108.5 21.30120 14
108.6 20.91949 14
108.7 20.93826 14
108.8 20.95595 14
108.9 21.24460 14
109.0 21.12980 14
109.1 21.09550 14
109.2 21.09804 14
109.3 21.12306 14
109.4 21.17804 14
109.5 21.27591 14
109.6 21.09812 14
109.7 21.12300 14
109.8 21.17742 14
109.9 21.27374 14
110.0 20.91562 14
110.1 20.93580 14
110.2 20.95414 14
110.3 21.25640 14
110.4 21.13425 14
110.5 21.09633 14
110.6 21.09801 14
110.7 21.12273 14
110.8 21.17692 14
110.9 21.28378 14
111.0 20.91705 14
111.1 20.93724 14
111.2 20.95624 14
111.3 21.22792 14
111.4 21.12028 14
111.5 21.09434 14
111.6 21.10376 14
111.7 21.13566 14
111.8 21.20164 14
111.9 21.34863 14
112.0 20.92787 14
112.1 20.94658 14
112.2 21.18685 14
112.3 21.31547 14
112.4 20.92404 14
112.5 20.94259 14
112.6 21.27062 14
112.7 21.17648 14
112.8 21.10209 14
112.9 21.09438 14
113.0 21.11438 14
113.1 21.16555 14
113.2 21.25087 14
113.3 20.91664 14
113.4 20.93673 14
113.5 21.27332 14
113.6 21.19381 14
113.7 21.11463 14
113.8 21.09416 14
113.9 21.11274 14
114.0 21.16731 14
114.1 21.25434 14
114.2 20.91881 14
114.3 20.94047 14
114.4 21.26946 14
114.5 21.17000 14
114.6 21.09761 14
114.7 21.09696 14
114.8 20.95231 14
114.9 21.23845 14
115.0 21.12408 14
115.1 21.09397 14
115.2 21.10725 14
115.3 21.16442 14
115.4 21.24827 14
115.5 20.91927 14
115.6 20.94083 14
115.7 21.26734 14
115.8 21.16084 14
115.9 21.09551 14
116.0 21.10188 14
116.1 21.15055 14
116.2 21.22959 14
116.3 20.91631 14
116.4 20.93794 14
116.5 21.26886 14
116.6 21.15919 14
116.7 21.09469 14
116.8 21.10403 14
116.9 21.16127 14
117.0 21.26232 14
117.1 20.92317 14
117.2 20.94801 14
117.3 21.23005 14
117.4 21.11709 14
117.5 21.09467 14
117.6 20.93191 14
117.7 21.27352 14
117.8 21.17588 14
117.9 21.09534 14
118.0 21.10221 14
118.1 21.15586 14
118.2 21.24128 14
118.3 20.91966 14
118.4 20.94596 14
118.5 21.26050 14
118.6 21.12244 14
118.7 21.09415 14
118.8 20.92969 14
118.9 20.95403 14
119.0 21.19108 14
119.1 21.10325 14
119.2 21.09761 14
119.3 21.14873 14
119.4 21.22545 14
119.5 20.91697 14
119.6 20.94159 14
119.7 21.26650 14
119.8 21.13093 14
119.9 21.09398 14
120.0 20.92375 14
120.1 20.94827 14
120.2 21.23067 14
120.3 21.11806 14
120.4 21.09508 14
120.5 21.12974 14
120.6 21.20207 14
120.7 20.91356 14
120.8 20.93654 14
120.9 21.27063 14
121.0 21.15788 14
121.1 21.09467 14
121.2 20.91856 14
121.3 20.94295 14
121.4 21.26299 14
121.5 21.12918 14
121.6 21.09408 14
121.7 21.11379 14
121.8 21.17942 14
121.9 21.33699 14
122.0 20.93077 14
122.1 20.95470 14
122.2 21.18334 14
122.3 21.09817 14
122.4 20.91422 14
122.5 20.93697 14
122.6 21.27042 14
122.7 21.16068 14
122.8 21.09439 14
122.9 21.10530 14
123.0 21.16328 14
123.1 21.26355 14
123.2 20.92136 14
123.3 20.94730 14
123.4 21.25584 14
123.5 21.11888 14
123.6 21.09435 14
123.7 20.93030 14
123.8 20.95208 14
123.9 21.19175 14
124.0 21.10607 14
124.1 21.09755 14
124.2 21.13969 14
124.3 21.21369 14
124.4 20.91581 14
124.5 20.93852 14
124.6 21.26874 14
124.7 21.14356 14
124.8 21.09421 14
124.9 20.92002 14
125.0 20.94415 14
125.1 21.26170 14
125.2 21.12711 14
125.3 21.09414 14
125.4 21.11489 14
125.5 21.18103 14
125.6 21.33848 14
125.7 20.93066 14
125.8 20.95230 14
125.9 21.18749 14
126.0 21.10181 14
126.1 21.09693 14
126.2 20.93453 14
126.3 21.27160 14
126.4 21.16802 14
126.5 21.09575 14
126.6 21.10331 14
126.7 21.15827 14
126.8 21.24233 14
126.9 20.91921 14
127.0 20.94331 14
127.1 21.26501 14
127.2 21.12715 14
127.3 21.09398 14
127.4 20.92445 14
127.5 20.94844 14
127.6 21.24852 14
127.7 21.12036 14
127.8 21.09465 14
127.9 21.12448 14
128.0 21.18975 14
128.1 21.35835 14
128.2 20.93255 14
128.3 20.95563 14
128.4 21.17783 14
128.5 21.09732 14
128.6 21.09780 14
128.7 20.93751 14
128.8 21.27031 14
128.9 21.16241 14
129.0 21.09467 14
129.1 21.10432 14
129.2 21.16120 14
129.3 21.24686 14
129.4 20.91980 14
129.5 20.94372 14
129.6 21.26470 14
129.7 21.12696 14
129.8 21.09399 14
129.9 20.92458 14
130.0 20.94839 14
130.1 21.25828 14
130.2 21.12141 14
130.3 21.09448 14
130.4 21.11731 14
130.5 21.18780 14
130.6 21.35179 14
130.7 20.93171 14
130.8 20.95278 14
130.9 21.19549 14
131.0 21.10374 14
131.1 21.09619 14
131.2 20.93466 14
131.3 21.27332 14
131.4 21.17120 14
131.5 21.10034 14
131.6 21.09907 14
131.7 21.15468 14
131.8 21.23596 14
131.9 20.91774 14
132.0 20.93992 14
132.1 21.26772 14
132.2 21.14877 14
132.3 21.09417 14
132.4 20.92034 14
132.5 20.94417 14
132.6 21.26453 14
132.7 21.13571 14
132.8 21.09397 14
132.9 21.10945 14
133.0 21.17456 14
133.1 21.29642 14
133.2 20.92529 14
133.3 20.94898 14
133.4 21.25756 14
133.5 21.11772 14
133.6 21.09444 14
133.7 20.92905 14
133.8 20.95198 14
133.9 21.21239 14
134.0 21.11517 14
134.1 21.09533 14
134.2 21.12738 14
134.3 21.19576 14
134.4 21.37359 14
134.5 20.93359 14
134.6 20.95606 14
134.7 21.17682 14
134.8 21.10050 14
134.9 21.09766 14
135.0 20.93569 14
135.1 21.27078 14
135.2 21.16706 14
135.3 21.09981 14
135.4 21.09927 14
135.5 21.14610 14
135.6 21.23562 14
135.7 20.91789 14
135.8 20.93981 14
135.9 21.26816 14
136.0 21.15158 14
136.1 21.09436 14
136.2 21.10460 14
136.3 20.94167 14
136.4 21.26576 14
136.5 21.14662 14
136.6 21.09402 14
136.7 21.10715 14
136.8 21.16701 14
136.9 21.25892 14
137.0 20.92196 14
137.1 20.94536 14
137.2 21.26321 14
137.3 21.13000 14
137.4 21.09399 14
137.5 20.92303 14
137.6 20.94833 14
137.7 21.25840 14
137.8 21.12307 14
137.9 21.09419 14
138.0 21.11222 14
138.1 21.17951 14
138.2 21.30634 14
138.3 20.92669 14
138.4 20.95029 14
138.5 21.25208 14
138.6 21.11622 14
138.7 21.09451 14
138.8 20.92897 14
138.9 20.95121 14
139.0 21.21063 14
139.1 21.11544 14
139.2 21.09507 14
139.3 21.11935 14
139.4 21.19010 14
139.5 21.35829 14
139.6 20.93250 14
139.7 20.95309 14
139.8 21.19785 14
139.9 21.11066 14
140.0 21.09550 14
140.1 20.93316 14
140.2 20.95360 14
140.3 21.18956 14
140.4 21.11036 14
140.5 21.09623 14
140.6 21.13035 14
140.7 21.20000 14
140.8 21.37958 14
140.9 20.93446 14
141.0 21.27489 14
141.1 21.17366 14
141.2 21.10210 14
141.3 21.09648 14
141.4 20.93495 14
141.5 21.27464 14
141.6 21.17029 14
141.7 21.10239 14
141.8 21.09816 14
141.9 21.14144 14
142.0 21.21440 14
142.1 20.91543 14
142.2 20.93585 14
142.3 21.27203 14
142.4 21.16537 14
142.5 21.09892 14
142.6 21.09819 14
142.7 20.93617 14
142.8 21.27191 14
142.9 21.16452 14
143.0 21.09929 14
143.1 21.09926 14
143.2 21.14419 14
143.3 21.21931 14
143.4 20.91635 14
143.5 20.93669 14
143.6 21.26960 14
143.7 21.15961 14
143.8 21.09590 14
143.9 21.09880 14
144.0 20.93686 14
144.1 21.26963 14
144.2 21.16183 14
144.3 21.09887 14
144.4 21.09981 14
144.5 21.14562 14
144.6 21.22165 14
144.7 20.91673 14
144.8 20.93698 14
144.9 21.26936 14
145.0 21.15758 14
145.1 21.09572 14
145.2 21.09901 14
145.3 20.93702 14
145.4 21.26954 14
145.5 21.16186 14
145.6 21.09895 14
145.7 21.09991 14
145.8 21.14570 14
145.9 21.22138 14
146.0 20.91659 14
146.1 20.93676 14
146.2 21.27136 14
146.3 21.15948 14
146.4 21.09582 14
146.5 21.09879 14
146.6 20.93667 14
146.7 21.27190 14
146.8 21.16449 14
146.9 21.10113 14
147.0 21.09932 14
147.1 21.14447 14
147.2 21.21861 14
147.3 20.91596 14
147.4 20.93605 14
147.5 21.27388 14
147.6 21.16491 14
147.7 21.09860 14
147.8 21.09730 14
147.9 20.93585 14
148.0 21.27421 14
148.1 21.16986 14
148.2 21.10719 14
148.3 21.09732 14
148.4 21.13820 14
148.5 21.20623 14
148.6 21.38537 14
148.7 20.93486 14
148.8 20.95450 14
148.9 21.18143 14
149.0 21.10380 14
149.1 21.09654 14
149.2 20.93456 14
149.3 20.95417 14
149.4 21.18959 14
149.5 21.10995 14
149.6 21.09634 14
149.7 21.13077 14
149.8 21.19964 14
149.9 21.37256 14
