15.0 1.80140 13
15.1 1.83623 13
15.2 1.87111 13
15.3 1.90580 13
15.4 1.94077 13
15.5 1.97662 13
15.6 2.01214 13
15.7 2.04856 13
15.8 2.08448 13
15.9 2.12074 13
16.0 2.15723 13
16.1 2.19383 13
16.2 2.23158 13
16.3 2.26860 13
16.4 2.30611 13
16.5 2.34362 13
16.6 2.38133 13
16.7 2.41921 13
16.8 2.45727 13
16.9 2.49550 13
17.0 2.51543 14
17.1 2.56874 14
17.2 2.62247 14
17.3 2.67663 14
17.4 2.73120 14
17.5 2.78470 14
17.6 2.84195 14
17.7 2.89780 14
17.8 2.95404 14
17.9 3.01064 14
18.0 3.06589 14
18.1 3.12315 14
18.2 3.18073 14
18.3 3.23681 14
18.4 3.29498 14
18.5 3.35345 14
18.6 3.41242 14
18.7 3.48713 14
18.8 3.57025 14
18.9 3.65124 14
19.0 3.73598 14
19.1 3.81837 14
19.2 3.90462 14
19.3 3.99185 14
19.4 4.07962 14
19.5 4.16810 14
19.6 4.25368 14
19.7 4.34341 14
19.8 4.43388 14
19.9 4.52869 14
20.0 4.61628 14
20.1 4.70419 14
20.2 4.79317 14
20.3 4.88261 14
20.4 4.97235 14
20.5 5.06233 14
20.6 5.15246 14
20.7 5.24273 14
20.8 5.33303 14
20.9 5.42331 14
21.0 5.51480 14
21.1 5.67306 14
21.2 5.76411 14
21.3 5.85499 14
21.4 5.94566 14
21.5 6.03599 14
21.6 6.11266 14
21.7 6.15376 14
21.8 6.19392 14
21.9 6.23315 14
22.0 6.27135 14
22.1 6.30840 14
22.2 6.34622 14
22.3 6.38394 14
22.4 6.42056 14
22.5 6.45598 14
22.6 6.48997 14
22.7 6.52441 14
22.8 6.55932 14
22.9 6.59288 14
23.0 6.62501 14
23.1 6.65554 14
23.2 6.68730 14
23.3 6.71892 14
23.4 6.74907 14
23.5 6.77748 14
23.6 6.80426 14
23.7 6.83391 14
23.8 6.86188 14
23.9 6.88814 14
24.0 6.91238 14
24.1 6.93751 14
24.2 6.96342 14
24.3 6.98741 14
24.4 7.00940 14
24.5 7.02967 14
24.6 7.05343 14
24.7 7.07531 14
24.8 7.09505 14
24.9 7.11237 14
25.0 7.13194 14
25.1 7.15176 14
25.2 7.16625 14
25.3 7.16211 14
25.4 7.11025 14
25.5 6.99962 14
25.6 6.94483 14
25.7 6.78508 14
25.8 6.69781 14
25.9 6.56359 14
26.0 6.43270 14
26.1 6.37931 14
26.2 6.19728 14
26.3 6.06549 14
26.4 5.98715 14
26.5 6.03651 14
26.6 6.07375 14
26.7 6.11549 14
26.8 6.16092 14
26.9 6.20984 14
27.0 6.26416 14
27.1 6.31998 14
27.2 6.38558 14
27.3 6.43783 14
27.4 6.49222 14
27.5 6.54720 14
27.6 6.60428 14
27.7 6.66252 14
27.8 6.72674 14
27.9 6.78287 14
28.0 6.84325 14
28.1 6.90429 14
28.2 6.96558 14
28.3 7.02773 14
28.4 7.08963 14
28.5 7.15149 14
28.6 7.21356 14
28.7 7.27530 14
28.8 7.33750 14
28.9 7.40070 14
29.0 7.46515 14
29.1 7.52574 14
29.2 7.57421 14
29.3 7.62878 14
29.4 7.69170 14
29.5 7.75649 14
29.6 7.82104 14
29.7 7.46711 14
29.8 7.38401 14
29.9 7.41121 14
30.0 7.47132 14
30.1 7.51775 14
30.2 7.53610 14
30.3 7.53785 14
30.4 7.53023 14
30.5 7.53080 14
30.6 7.55515 14
30.7 7.57931 14
30.8 7.60411 14
30.9 7.63247 14
31.0 7.66087 14
31.1 7.68930 14
31.2 7.71779 14
31.3 7.74633 14
31.4 7.77494 14
31.5 7.80363 14
31.6 7.83240 14
31.7 7.86129 14
31.8 7.89030 14
31.9 7.91947 14
32.0 7.94883 14
32.1 7.97987 14
32.2 8.01158 14
32.3 8.04352 14
32.4 8.07574 14
32.5 8.10826 14
32.6 8.14114 14
32.7 8.17443 14
32.8 8.20819 14
32.9 8.24251 14
33.0 8.27749 14
33.1 8.31326 14
33.2 8.34999 14
33.3 8.38787 14
33.4 8.42716 14
33.5 8.46819 14
33.6 8.51058 14
33.7 8.55260 14
33.8 8.51745 14
33.9 8.53705 14
34.0 8.56054 14
34.1 8.58599 14
34.2 8.61153 14
34.3 8.63727 14
34.4 8.66317 14
34.5 8.68925 14
34.6 8.71554 14
34.7 8.74201 14
34.8 8.76876 14
34.9 8.79575 14
35.0 8.98761 14
35.1 8.99787 14
35.2 9.00483 14
35.3 9.00221 14
35.4 9.01127 14
35.5 9.02969 14
35.6 9.05506 14
35.7 9.08637 14
35.8 9.12388 14
35.9 9.16903 14
36.0 9.22509 14
36.1 9.26797 14
36.2 9.30828 14
36.3 9.34310 14
36.4 9.37344 14
36.5 9.40060 14
36.6 9.42573 14
36.7 9.44961 14
36.8 9.47277 14
36.9 9.49547 14
37.0 9.51789 14
37.1 9.54010 14
37.2 9.56216 14
37.3 9.58407 14
37.4 9.60587 14
37.5 9.62755 14
37.6 9.64912 14
37.7 9.67058 14
37.8 9.69490 14
37.9 9.72486 14
38.0 9.75495 14
38.1 9.78516 14
38.2 9.81551 14
38.3 9.84604 14
38.4 9.87675 14
38.5 9.90768 14
38.6 9.93887 14
38.7 9.97277 14
38.8 10.00699 14
38.9 10.04148 14
39.0 10.07627 14
39.1 10.11139 14
39.2 10.14690 14
39.3 10.18282 14
39.4 10.21925 14
39.5 10.25628 14
39.6 10.29399 14
39.7 10.33252 14
39.8 10.37200 14
39.9 10.41263 14
40.0 10.45463 14
40.1 10.49829 14
40.2 10.54397 14
40.3 10.59210 14
40.4 10.55559 14
40.5 10.57664 14
40.6 10.59850 14
40.7 10.62122 14
40.8 10.64486 14
40.9 10.66940 14
41.0 10.69493 14
41.1 10.92850 14
41.2 10.92117 14
41.3 10.89276 14
41.4 10.88864 14
41.5 10.90909 14
41.6 10.94662 14
41.7 11.00274 14
41.8 11.08019 14
41.9 11.12994 14
42.0 11.16651 14
42.1 11.19372 14
42.2 11.21571 14
42.3 11.23515 14
42.4 11.25343 14
42.5 11.27116 14
42.6 11.28788 14
42.7 11.12364 14
42.8 11.00235 14
42.9 10.87599 14
43.0 10.82437 14
43.1 10.74317 14
43.2 10.69777 14
43.3 10.71362 14
43.4 10.72684 14
43.5 10.63249 14
43.6 10.66015 14
43.7 10.47519 14
43.8 10.34914 14
43.9 10.31922 14
44.0 10.25283 14
44.1 10.22435 14
44.2 10.23152 14
44.3 10.24443 14
44.4 10.22004 14
44.5 10.11941 14
44.6 10.02018 14
44.7 9.93070 14
44.8 9.88934 14
44.9 9.84668 14
45.0 9.80267 14
45.1 9.80621 14
45.2 9.81398 14
45.3 9.82609 14
45.4 9.75064 14
45.5 9.77600 14
45.6 9.63826 14
45.7 9.56035 14
45.8 9.55643 14
45.9 9.50116 14
46.0 9.44410 14
46.1 9.43867 14
46.2 9.43918 14
46.3 9.45165 14
46.4 9.43580 14
46.5 9.40544 14
46.6 9.44752 14
46.7 9.53660 14
46.8 9.58750 14
46.9 9.64529 14
47.0 9.60568 14
47.1 9.65183 14
47.2 9.70058 14
47.3 9.74947 14
47.4 9.79852 14
47.5 9.88732 14
47.6 9.91924 14
47.7 10.02163 14
47.8 10.06886 14
47.9 10.17663 14
48.0 10.20616 14
48.1 10.22143 14
48.2 10.23646 14
48.3 10.25031 14
48.4 10.28964 14
48.5 10.34026 14
48.6 10.39103 14
48.7 10.44204 14
48.8 10.49312 14
48.9 10.54434 14
49.0 10.64250 14
49.1 10.67378 14
49.2 10.80071 14
49.3 10.81910 14
49.4 10.94419 14
49.5 10.98909 14
49.6 11.00566 14
49.7 11.01929 14
49.8 11.03364 14
49.9 11.05952 14
50.0 11.10953 14
50.1 11.16251 14
50.2 11.21563 14
50.3 11.26902 14
50.4 11.32244 14
50.5 11.37603 14
50.6 11.47382 14
50.7 11.70759 14
50.8 11.62942 14
50.9 11.67501 14
51.0 11.80870 14
51.1 11.84742 14
51.2 11.86388 14
51.3 11.87676 14
51.4 11.88934 14
51.5 11.91510 14
51.6 11.96649 14
51.7 12.02200 14
51.8 12.07755 14
51.9 12.13325 14
52.0 12.18912 14
52.1 12.24523 14
52.2 12.35814 14
52.3 12.39091 14
52.4 12.57060 14
52.5 12.54902 14
52.6 12.68497 14
52.7 12.76497 14
52.8 12.78653 14
52.9 12.80049 14
53.0 12.81233 14
53.1 12.82401 14
53.2 12.86159 14
53.3 12.91926 14
53.4 12.97724 14
53.5 13.03538 14
53.6 13.09367 14
53.7 13.15226 14
53.8 13.21088 14
53.9 13.26966 14
54.0 13.36438 14
54.1 13.57344 14
54.2 13.53305 14
54.3 13.65959 14
54.4 13.77122 14
54.5 13.79776 14
54.6 13.81028 14
54.7 13.82124 14
54.8 13.83196 14
54.9 13.86038 14
55.0 13.91540 14
55.1 13.97600 14
55.2 14.03691 14
55.3 14.07498 14
55.4 14.10204 14
55.5 14.12910 14
55.6 14.15623 14
55.7 14.20772 14
55.8 14.22436 14
55.9 14.30130 14
56.0 14.30661 14
56.1 14.38265 14
56.2 14.41723 14
56.3 14.42687 14
56.4 14.43165 14
56.5 14.43581 14
56.6 14.44049 14
56.7 14.45217 14
56.8 14.47646 14
56.9 14.50361 14
57.0 14.53084 14
57.1 14.55800 14
57.2 14.58517 14
57.3 14.61242 14
57.4 14.63962 14
57.5 14.66683 14
57.6 14.71245 14
57.7 14.83263 14
57.8 14.79402 14
57.9 14.83306 14
58.0 14.91094 14
58.1 14.92993 14
58.2 14.93560 14
58.3 14.93991 14
58.4 14.94337 14
58.5 14.94677 14
58.6 14.96311 14
58.7 14.98861 14
58.8 15.01594 14
58.9 15.04333 14
59.0 15.07064 14
59.1 15.09795 14
59.2 15.12534 14
59.3 15.15268 14
59.4 15.18003 14
59.5 15.22796 14
59.6 15.36639 14
59.7 15.31567 14
59.8 15.34041 14
59.9 15.42837 14
60.0 15.45800 14
60.1 15.46598 14
60.2 15.46936 14
60.3 15.47216 14
60.4 15.47543 14
60.5 15.48098 14
60.6 15.50328 14
60.7 15.53083 14
60.8 15.55832 14
60.9 15.58581 14
61.0 15.61339 14
61.1 15.64092 14
61.2 15.66845 14
61.3 15.69606 14
61.4 15.72362 14
61.5 15.77157 14
61.6 15.91908 14
61.7 15.86403 14
61.8 15.88577 14
61.9 15.97843 14
62.0 16.01398 14
62.1 16.02318 14
62.2 16.02617 14
62.3 16.02828 14
62.4 16.03082 14
62.5 16.03272 14
62.6 16.05059 14
62.7 16.07629 14
62.8 16.10394 14
62.9 16.13162 14
63.0 16.15937 14
63.1 16.18706 14
63.2 16.21476 14
63.3 16.24255 14
63.4 16.27027 14
63.5 16.29809 14
63.6 16.34483 14
63.7 16.49276 14
63.8 16.43895 14
63.9 16.46506 14
64.0 16.56491 14
64.1 16.60056 14
64.2 16.60920 14
64.3 16.61211 14
64.4 16.61346 14
64.5 16.61464 14
64.6 16.61637 14
64.7 16.62901 14
64.8 16.65307 14
64.9 16.68099 14
65.0 16.70885 14
65.1 16.70966 14
65.2 16.73753 14
65.3 16.76532 14
65.4 16.76559 14
65.5 16.79329 14
65.6 16.82109 14
65.7 16.84882 14
65.8 16.87655 14
65.9 16.90437 14
66.0 16.90448 14
66.1 16.94867 14
66.2 17.08229 14
66.3 17.04372 14
66.4 17.07725 14
66.5 17.18331 14
66.6 17.21797 14
66.7 17.22668 14
66.8 17.22843 14
66.9 17.22902 14
67.0 17.23000 14
67.1 17.23022 14
67.2 17.23638 14
67.3 17.23475 14
67.4 17.23378 14
67.5 17.25620 14
67.6 17.28265 14
67.7 17.31025 14
67.8 17.33784 14
67.9 17.36552 14
68.0 17.39311 14
68.1 17.42081 14
68.2 17.44844 14
68.3 17.47608 14
68.4 17.50382 14
68.5 17.53147 14
68.6 17.57734 14
68.7 17.74406 14
68.8 17.68081 14
68.9 17.69984 14
69.0 17.69573 14
69.1 17.76552 14
69.2 17.85683 14
69.3 17.87432 14
69.4 17.87817 14
69.5 17.87839 14
69.6 17.87864 14
69.7 17.87808 14
69.8 17.87760 14
69.9 17.88685 14
70.0 17.90951 14
70.1 17.93694 14
70.2 17.96467 14
70.3 17.99248 14
70.4 18.02022 14
70.5 18.04799 14
70.6 18.04367 14
70.7 18.07133 14
70.8 18.09900 14
70.9 18.12677 14
71.0 18.15447 14
71.1 18.18222 14
71.2 18.23167 14
71.3 18.20230 14
71.4 18.24418 14
71.5 18.39108 14
71.6 18.34511 14
71.7 18.36735 14
71.8 18.44241 14
71.9 18.53113 14
72.0 18.54674 14
72.1 18.54988 14
72.2 18.54955 14
72.3 18.54942 14
72.4 18.54895 14
72.5 18.54767 14
72.6 18.54696 14
72.7 18.54550 14
72.8 18.56443 14
72.9 18.58741 14
73.0 18.61400 14
73.1 18.64051 14
73.2 18.66712 14
73.3 18.69364 14
73.4 18.72017 14
73.5 18.74679 14
73.6 18.77334 14
73.7 18.79997 14
73.8 18.82652 14
73.9 18.81898 14
74.0 18.84550 14
74.1 18.87196 14
74.2 18.91526 14
74.3 19.10199 14
74.4 19.02889 14
74.5 19.03555 14
74.6 19.08775 14
74.7 19.20935 14
74.8 19.23891 14
74.9 19.24555 14
75.0 19.24599 14
75.1 19.24419 14
75.2 19.24272 14
75.3 19.24055 14
75.4 19.23836 14
75.5 19.24256 14
75.6 19.23734 14
75.7 19.25692 14
75.8 19.27949 14
75.9 19.30602 14
76.0 19.33247 14
76.1 19.35901 14
76.2 19.38547 14
76.3 19.41203 14
76.4 19.43851 14
76.5 19.46498 14
76.6 19.49154 14
76.7 19.51803 14
76.8 19.54462 14
76.9 19.57112 14
77.0 19.59772 14
77.1 19.84361 14
77.2 19.77480 14
77.3 19.82475 14
77.4 19.74701 14
77.5 19.75233 14
77.6 19.80060 14
77.7 19.92239 14
77.8 19.97137 14
77.9 19.98072 14
78.0 19.98140 14
78.1 19.97913 14
78.2 19.98019 14
78.3 19.97821 14
78.4 19.97528 14
78.5 19.97285 14
78.6 19.96988 14
78.7 19.96830 14
78.8 19.99041 14
78.9 20.01317 14
79.0 20.00176 14
79.1 20.02655 14
79.2 20.05281 14
79.3 20.07917 14
79.4 20.10544 14
79.5 20.13179 14
79.6 20.15807 14
79.7 20.18445 14
79.8 20.21075 14
79.9 20.23713 14
80.0 20.26344 14
80.1 20.28984 14
80.2 20.31616 14
80.3 20.34257 14
80.4 20.38214 14
80.5 20.57769 14
80.6 20.50455 14
80.7 20.52860 14
80.8 20.50131 14
80.9 20.52481 14
81.0 20.59070 14
81.1 20.72518 14
81.2 20.75309 14
81.3 20.75925 14
81.4 20.75866 14
81.5 20.75612 14
81.6 20.75240 14
81.7 20.74920 14
81.8 20.74531 14
81.9 20.74205 14
82.0 20.74730 14
82.1 20.76968 14
82.2 20.79300 14
82.3 20.81938 14
82.4 20.84568 14
82.5 20.82883 14
82.6 20.85502 14
82.7 20.88130 14
82.8 20.90749 14
82.9 20.93378 14
83.0 20.95999 14
83.1 20.98629 14
83.2 21.01251 14
83.3 21.03882 14
83.4 21.06505 14
83.5 21.09135 14
83.6 21.11759 14
83.7 21.14392 14
83.8 21.42527 14
83.9 21.36406 14
84.0 21.30522 14
84.1 21.31347 14
84.2 21.35857 14
84.3 21.32227 14
84.4 21.37945 14
84.5 21.50661 14
84.6 21.57229 14
84.7 21.58359 14
84.8 21.58413 14
84.9 21.58052 14
85.0 21.57677 14
85.1 21.57208 14
85.2 21.56798 14
85.3 21.56319 14
85.4 21.55906 14
85.5 21.56897 14
85.6 21.59152 14
85.7 21.61489 14
85.8 21.64120 14
85.9 21.66741 14
86.0 21.69372 14
86.1 21.72002 14
86.2 21.69870 14
86.3 21.72478 14
86.4 21.75098 14
86.5 21.77718 14
86.6 21.80330 14
86.7 21.82951 14
86.8 21.85564 14
86.9 21.88186 14
87.0 21.90799 14
87.1 21.93423 14
87.2 21.96037 14
87.3 21.98661 14
87.4 22.02242 14
87.5 22.23290 14
87.6 22.15984 14
87.7 22.15872 14
87.8 22.19452 14
87.9 22.27421 14
88.0 22.42047 14
88.1 22.28581 14
88.2 22.42661 14
88.3 22.45413 14
88.4 22.45976 14
88.5 22.45741 14
88.6 22.45339 14
88.7 22.44868 14
88.8 22.44307 14
88.9 22.43808 14
89.0 22.43221 14
89.1 22.42719 14
89.2 22.43244 14
89.3 22.42804 14
89.4 22.42866 14
89.5 22.45104 14
89.6 22.47361 14
89.7 22.49847 14
89.8 22.52454 14
89.9 22.55051 14
90.0 22.52471 14
90.1 22.55055 14
90.2 22.57650 14
90.3 22.60235 14
90.4 22.62831 14
90.5 22.65427 14
90.6 22.68013 14
90.7 22.70608 14
90.8 22.73195 14
90.9 22.75793 14
91.0 22.78380 14
91.1 22.80979 14
91.2 22.83578 14
91.3 22.86167 14
91.4 22.88767 14
91.5 23.19802 14
91.6 23.12509 14
91.7 23.06183 14
91.8 23.06121 14
91.9 23.09482 14
92.0 23.05962 14
92.1 23.09014 14
92.2 23.15717 14
92.3 23.29327 14
92.4 23.37631 14
92.5 23.38923 14
92.6 23.39002 14
92.7 23.38564 14
92.8 23.38045 14
92.9 23.37410 14
93.0 23.36829 14
93.1 23.36243 14
93.2 23.35585 14
93.3 23.34997 14
93.4 23.35035 14
93.5 23.37297 14
93.6 23.39548 14
93.7 23.41975 14
93.8 23.44569 14
93.9 23.47154 14
94.0 23.44061 14
94.1 23.46632 14
94.2 23.49214 14
94.3 23.51786 14
94.4 23.54369 14
94.5 23.56951 14
94.6 23.59525 14
94.7 23.62108 14
94.8 23.64682 14
94.9 23.67266 14
95.0 23.69847 14
95.1 23.72422 14
95.2 23.75007 14
95.3 23.77583 14
95.4 23.80169 14
95.5 23.82755 14
95.6 23.85332 14
95.7 24.15686 14
95.8 24.04886 14
95.9 24.01623 14
96.0 24.07659 14
96.1 24.02007 14
96.2 24.02074 14
96.3 24.05241 14
96.4 24.11706 14
96.5 24.24320 14
96.6 24.35834 14
96.7 24.37941 14
96.8 24.38122 14
96.9 24.37765 14
97.0 24.37197 14
97.1 24.36485 14
97.2 24.35819 14
97.3 24.35074 14
97.4 24.34395 14
97.5 24.33716 14
97.6 24.32968 14
97.7 24.33343 14
97.8 24.35599 14
97.9 24.37877 14
98.0 24.40255 14
98.1 24.36933 14
98.2 24.39199 14
98.3 24.41727 14
98.4 24.44293 14
98.5 24.46861 14
98.6 24.49417 14
98.7 24.51985 14
98.8 24.54541 14
98.9 24.57109 14
99.0 24.59678 14
99.1 24.62235 14
99.2 24.64805 14
99.3 24.67363 14
99.4 24.69929 14
99.5 24.72499 14
99.6 24.75058 14
99.7 24.77629 14
99.8 24.80199 14
99.9 24.82759 14
100.0 24.85331 14
100.1 25.20917 14
100.2 25.14977 14
100.3 24.86524 14
100.4 25.19742 14
100.5 25.09409 14
100.6 25.04190 14
100.7 25.04194 14
100.8 25.07080 14
100.9 25.12919 14
101.0 25.23671 14
101.1 25.38802 14
101.2 25.43306 14
101.3 25.43950 14
101.4 25.43664 14
101.5 25.43095 14
101.6 25.42397 14
101.7 25.41581 14
101.8 25.40820 14
101.9 25.40052 14
102.0 25.39210 14
102.1 25.38440 14
102.2 25.37599 14
102.3 25.37565 14
102.4 25.43197 14
102.5 25.37337 14
102.6 25.43581 14
102.7 25.42983 14
102.8 25.42277 14
102.9 25.41427 14
103.0 25.40667 14
103.1 25.39830 14
103.2 25.39021 14
103.3 25.38254 14
103.4 25.37417 14
103.5 25.38226 14
103.6 25.43010 14
103.7 25.42307 14
103.8 25.41410 14
103.9 25.40650 14
104.0 25.39813 14
104.1 25.38956 14
104.2 25.38188 14
104.3 25.37350 14
104.4 25.43526 14
104.5 25.42908 14
104.6 25.42196 14
104.7 25.43409 14
104.8 25.42767 14
104.9 25.41943 14
105.0 25.41101 14
105.1 25.40342 14
105.2 25.39464 14
105.3 25.38606 14
105.4 25.37843 14
105.5 25.37169 14
105.6 25.43234 14
105.7 25.42561 14
105.8 25.41677 14
105.9 25.40830 14
106.0 25.40068 14
106.1 25.39141 14
106.2 25.38282 14
106.3 25.37447 14
106.4 25.43561 14
106.5 25.42914 14
106.6 25.42204 14
106.7 25.41165 14
106.8 25.40404 14
106.9 25.39524 14
107.0 25.41109 14
107.1 25.40353 14
107.2 25.39477 14
107.3 25.38526 14
107.4 25.37694 14
107.5 25.37393 14
107.6 25.43094 14
107.7 25.42404 14
107.8 25.41470 14
107.9 25.40573 14
108.0 25.39740 14
108.1 25.38697 14
108.2 25.37934 14
108.3 25.37101 14
108.4 25.43193 14
108.5 25.42514 14
108.6 25.41629 14
108.7 25.40638 14
108.8 25.39804 14
108.9 25.38806 14
109.0 25.37946 14
109.1 25.37111 14
109.2 25.43160 14
109.3 25.42476 14
109.4 25.37167 14
109.5 25.43210 14
109.6 25.42537 14
109.7 25.41656 14
109.8 25.40620 14
109.9 25.39789 14
110.0 25.38649 14
110.1 25.37888 14
110.2 25.37057 14
110.3 25.43075 14
110.4 25.42383 14
110.5 25.41400 14
110.6 25.40453 14
110.7 25.39620 14
110.8 25.41567 14
110.9 25.40532 14
111.0 25.39704 14
111.1 25.38567 14
111.2 25.37738 14
111.3 25.37253 14
111.4 25.43007 14
111.5 25.42311 14
111.6 25.41328 14
111.7 25.40383 14
111.8 25.39553 14
111.9 25.41505 14
112.0 25.40465 14
112.1 25.39640 14
112.2 25.38506 14
112.3 25.37680 14
112.4 25.37416 14
112.5 25.42956 14
112.6 25.42258 14
112.7 25.41087 14
112.8 25.40334 14
112.9 25.39463 14
113.0 25.41368 14
113.1 25.40419 14
113.2 25.39597 14
113.3 25.38466 14
113.4 25.37643 14
113.5 25.37517 14
113.6 25.42928 14
113.7 25.42225 14
113.8 25.41055 14
113.9 25.40306 14
114.0 25.39438 14
114.1 25.41346 14
114.2 25.40393 14
114.3 25.39574 14
114.4 25.38446 14
114.5 25.37626 14
114.6 25.37559 14
114.7 25.42918 14
114.8 25.42211 14
114.9 25.41044 14
115.0 25.40297 14
115.1 25.39432 14
115.2 25.41343 14
115.3 25.40393 14
115.4 25.39571 14
115.5 25.38446 14
115.6 25.37629 14
115.7 25.37543 14
115.8 25.42926 14
115.9 25.42222 14
116.0 25.41051 14
116.1 25.40308 14
116.2 25.39446 14
116.3 25.41360 14
116.4 25.40413 14
116.5 25.39587 14
116.6 25.38464 14
116.7 25.37651 14
116.8 25.37469 14
116.9 25.42951 14
117.0 25.42252 14
117.1 25.41173 14
117.2 25.40338 14
117.3 25.39522 14
117.4 25.41489 14
117.5 25.40458 14
117.6 25.39635 14
117.7 25.38502 14
117.8 25.37691 14
117.9 25.37339 14
118.0 25.42992 14
118.1 25.42299 14
118.2 25.41320 14
118.3 25.40386 14
118.4 25.39574 14
118.5 25.41542 14
118.6 25.40515 14
118.7 25.39695 14
118.8 25.38565 14
118.9 25.37750 14
119.0 25.37017 14
119.1 25.43054 14
119.2 25.42364 14
119.3 25.41484 14
119.4 25.40459 14
119.5 25.39643 14
119.6 25.41613 14
119.7 25.40591 14
119.8 25.39773 14
119.9 25.38791 14
120.0 25.37897 14
120.1 25.37093 14
120.2 25.43124 14
120.3 25.42452 14
120.4 25.41578 14
120.5 25.40551 14
120.6 25.39730 14
120.7 25.38713 14
120.8 25.40683 14
120.9 25.39868 14
121.0 25.38985 14
121.1 25.38006 14
121.2 25.37190 14
121.3 25.43207 14
121.4 25.42548 14
121.5 25.41727 14
121.6 25.40660 14
121.7 25.39850 14
121.8 25.38963 14
121.9 25.40798 14
122.0 25.40059 14
122.1 25.39202 14
122.2 25.38125 14
122.3 25.37311 14
122.4 25.43305 14
122.5 25.42659 14
122.6 25.41847 14
122.7 25.40785 14
122.8 25.40050 14
122.9 25.39190 14
123.0 25.40922 14
123.1 25.40188 14
123.2 25.39335 14
123.3 25.38260 14
123.4 25.37456 14
123.5 25.38317 14
123.6 25.42788 14
123.7 25.42094 14
123.8 25.40933 14
123.9 25.40195 14
124.0 25.39346 14
124.1 25.41267 14
124.2 25.40332 14
124.3 25.39526 14
124.4 25.38417 14
124.5 25.37610 14
124.6 25.37551 14
124.7 25.42931 14
124.8 25.42242 14
124.9 25.41279 14
125.0 25.40362 14
125.1 25.39553 14
125.2 25.41524 14
125.3 25.40506 14
125.4 25.39695 14
125.5 25.38680 14
125.6 25.37849 14
125.7 25.37052 14
125.8 25.43088 14
125.9 25.42418 14
126.0 25.41549 14
126.1 25.40536 14
126.2 25.39730 14
126.3 25.38816 14
126.4 25.40688 14
126.5 25.39880 14
126.6 25.39059 14
126.7 25.38039 14
126.8 25.37237 14
126.9 25.43256 14
127.0 25.42598 14
127.1 25.41786 14
127.2 25.40725 14
127.3 25.40002 14
127.4 25.39153 14
127.5 25.40899 14
127.6 25.40159 14
127.7 25.39309 14
127.8 25.38237 14
127.9 25.37445 14
128.0 25.38314 14
128.1 25.42800 14
128.2 25.42110 14
128.3 25.40943 14
128.4 25.40208 14
128.5 25.39371 14
128.6 25.41398 14
128.7 25.40387 14
128.8 25.39585 14
128.9 25.38464 14
129.0 25.37659 14
129.1 25.37232 14
129.2 25.43000 14
129.3 25.42323 14
129.4 25.41466 14
129.5 25.40443 14
129.6 25.39637 14
129.7 25.38538 14
129.8 25.40613 14
129.9 25.39814 14
130.0 25.38945 14
130.1 25.37972 14
130.2 25.37170 14
130.3 25.43204 14
130.4 25.42551 14
130.5 25.41745 14
130.6 25.40693 14
130.7 25.39970 14
130.8 25.39064 14
130.9 25.40865 14
131.0 25.40134 14
131.1 25.39293 14
131.2 25.38230 14
131.3 25.37438 14
131.4 25.38338 14
131.5 25.42792 14
131.6 25.42110 14
131.7 25.40952 14
131.8 25.40225 14
131.9 25.39432 14
132.0 25.41414 14
132.1 25.40402 14
132.2 25.39609 14
132.3 25.38496 14
132.4 25.37700 14
132.5 25.37111 14
132.6 25.43035 14
132.7 25.42366 14
132.8 25.41513 14
132.9 25.40508 14
133.0 25.39702 14
133.1 25.38795 14
133.2 25.40690 14
133.3 25.39876 14
133.4 25.39118 14
133.5 25.38061 14
133.6 25.37258 14
133.7 25.43391 14
133.8 25.42639 14
133.9 25.41829 14
134.0 25.40794 14
134.1 25.40072 14
134.2 25.39239 14
134.3 25.41169 14
134.4 25.40251 14
134.5 25.39444 14
134.6 25.38353 14
134.7 25.37562 14
134.8 25.37642 14
134.9 25.42918 14
135.0 25.42245 14
135.1 25.41373 14
135.2 25.40370 14
135.3 25.39578 14
135.4 25.38484 14
135.5 25.40565 14
135.6 25.39770 14
135.7 25.38905 14
135.8 25.37937 14
135.9 25.37149 14
136.0 25.43191 14
136.1 25.42540 14
136.2 25.41738 14
136.3 25.40690 14
136.4 25.39971 14
136.5 25.39136 14
136.6 25.40885 14
136.7 25.40167 14
136.8 25.39322 14
136.9 25.38263 14
137.0 25.37475 14
137.1 25.37902 14
137.2 25.42851 14
137.3 25.42168 14
137.4 25.41206 14
137.5 25.40301 14
137.6 25.39504 14
137.7 25.41506 14
137.8 25.40502 14
137.9 25.39713 14
138.0 25.38854 14
138.1 25.37891 14
138.2 25.37099 14
138.3 25.43144 14
138.4 25.42494 14
138.5 25.41695 14
138.6 25.40652 14
138.7 25.39866 14
138.8 25.39089 14
138.9 25.40843 14
139.0 25.40130 14
139.1 25.39290 14
139.2 25.38237 14
139.3 25.37455 14
139.4 25.37977 14
139.5 25.42823 14
139.6 25.42144 14
139.7 25.41187 14
139.8 25.40287 14
139.9 25.39496 14
140.0 25.41493 14
140.1 25.40483 14
140.2 25.39700 14
140.3 25.38847 14
140.4 25.37889 14
140.5 25.37102 14
140.6 25.43152 14
140.7 25.42498 14
140.8 25.41694 14
140.9 25.40656 14
141.0 25.39875 14
141.1 25.39113 14
141.2 25.40863 14
141.3 25.40146 14
141.4 25.39300 14
141.5 25.38259 14
141.6 25.37475 14
141.7 25.37875 14
141.8 25.42852 14
141.9 25.42179 14
142.0 25.41207 14
142.1 25.40313 14
142.2 25.39528 14
142.3 25.38440 14
142.4 25.40526 14
142.5 25.39737 14
142.6 25.38878 14
142.7 25.37935 14
142.8 25.37144 14
142.9 25.43197 14
143.0 25.42555 14
143.1 25.41751 14
143.2 25.40716 14
143.3 25.39994 14
143.4 25.39166 14
143.5 25.41016 14
143.6 25.40208 14
143.7 25.39412 14
143.8 25.38322 14
143.9 25.37532 14
144.0 25.37559 14
144.1 25.42912 14
144.2 25.42249 14
144.3 25.41405 14
144.4 25.40396 14
144.5 25.39594 14
144.6 25.38655 14
144.7 25.40603 14
144.8 25.39819 14
144.9 25.39079 14
145.0 25.38028 14
145.1 25.37248 14
145.2 25.43375 14
145.3 25.42641 14
145.4 25.41882 14
145.5 25.40812 14
145.6 25.40097 14
145.7 25.39269 14
145.8 25.41309 14
145.9 25.40319 14
146.0 25.39527 14
146.1 25.38427 14
146.2 25.37642 14
146.3 25.37250 14
146.4 25.43004 14
146.5 25.42353 14
146.6 25.41557 14
146.7 25.40518 14
146.8 25.39731 14
146.9 25.38935 14
147.0 25.40745 14
147.1 25.40019 14
147.2 25.39195 14
147.3 25.38150 14
147.4 25.37374 14
147.5 25.38336 14
147.6 25.42756 14
147.7 25.42077 14
147.8 25.41125 14
147.9 25.40233 14
148.0 25.39449 14
148.1 25.41454 14
148.2 25.40451 14
148.3 25.39663 14
148.4 25.38817 14
148.5 25.37867 14
148.6 25.37087 14
148.7 25.43155 14
148.8 25.42508 14
148.9 25.41711 14
149.0 25.40676 14
149.1 25.39968 14
149.2 25.39140 14
149.3 25.40998 14
149.4 25.40186 14
149.5 25.39391 14
149.6 25.38301 14
149.7 25.37525 14
149.8 25.37575 14
149.9 25.42914 14
