15.0 1.56652 13
15.1 1.57858 13
15.2 1.59068 13
15.3 1.60281 13
15.4 1.61498 13
15.5 1.62719 13
15.6 1.63944 13
15.7 1.65173 13
15.8 1.66359 13
15.9 1.67596 13
16.0 1.79185 13
16.1 1.82978 13
16.2 1.86653 13
16.3 1.90366 13
16.4 1.94117 13
16.5 1.98093 13
16.6 2.01929 13
16.7 2.05803 13
16.8 2.09717 13
16.9 2.13459 13
17.0 2.17445 13
17.1 2.21472 13
17.2 2.25539 13
17.3 2.29406 13
17.4 2.33547 13
17.5 2.37729 13
17.6 2.41689 13
17.7 2.45946 13
17.8 2.49966 13
17.9 2.52403 14
18.0 2.58447 14
18.1 2.64156 14
18.2 2.69927 14
18.3 2.75760 14
18.4 2.82118 14
18.5 2.88090 14
18.6 2.94125 14
18.7 3.00224 14
18.8 3.06387 14
18.9 3.12699 14
19.0 3.18994 14
19.1 3.25355 14
19.2 3.31782 14
19.3 3.38277 14
19.4 3.44837 14
19.5 3.51466 14
19.6 3.57515 14
19.7 3.64263 14
19.8 3.71079 14
19.9 3.77966 14
20.0 3.84922 14
20.1 3.91212 14
20.2 3.98290 14
20.3 4.05440 14
20.4 4.11869 14
20.5 4.19143 14
20.6 4.26489 14
20.7 4.33058 14
20.8 4.40530 14
20.9 4.47186 14
21.0 4.54786 14
21.1 4.63003 14
21.2 4.72283 14
21.3 4.82993 14
21.4 4.92486 14
21.5 5.03484 14
21.6 5.13194 14
21.7 5.24486 14
21.8 5.34415 14
21.9 5.46007 14
22.0 5.56159 14
22.1 5.66404 14
22.2 5.78435 14
22.3 5.88906 14
22.4 6.01252 14
22.5 6.11953 14
22.6 6.22750 14
22.7 6.35555 14
22.8 6.46585 14
22.9 6.59721 14
23.0 6.70990 14
23.1 6.82354 14
23.2 7.02566 14
23.3 7.14112 14
23.4 7.25755 14
23.5 7.38397 14
23.6 7.44908 14
23.7 7.51436 14
23.8 7.57983 14
23.9 7.65897 14
24.0 7.72502 14
24.1 7.79125 14
24.2 7.85766 14
24.3 7.93863 14
24.4 8.00563 14
24.5 8.07279 14
24.6 8.14013 14
24.7 8.22297 14
24.8 8.29089 14
24.9 8.35900 14
25.0 8.42727 14
25.1 8.49572 14
25.2 8.58086 14
25.3 8.64988 14
25.4 8.71909 14
25.5 8.78846 14
25.6 8.85799 14
25.7 8.94547 14
25.8 9.01559 14
25.9 9.08587 14
26.0 9.15634 14
26.1 9.22695 14
26.2 9.29772 14
26.3 9.38801 14
26.4 9.45937 14
26.5 9.53089 14
26.6 9.60257 14
26.7 9.67441 14
26.8 9.74643 14
26.9 9.81859 14
27.0 9.89091 14
27.1 9.98490 14
27.2 10.05780 14
27.3 10.13085 14
27.4 10.20405 14
27.5 10.27741 14
27.6 10.35092 14
27.7 10.42458 14
27.8 10.49839 14
27.9 10.57238 14
28.0 10.64649 14
28.1 10.74516 14
28.2 10.81984 14
28.3 10.89468 14
28.4 10.96966 14
28.5 11.04479 14
28.6 11.12005 14
28.7 11.19546 14
28.8 11.27102 14
28.9 11.34670 14
29.0 11.42254 14
29.1 11.49851 14
29.2 11.57462 14
29.3 11.65085 14
29.4 11.72724 14
29.5 11.80375 14
29.6 11.90947 14
29.7 11.98656 14
29.8 12.06379 14
29.9 12.14116 14
30.0 12.21865 14
30.1 12.29627 14
30.2 12.37402 14
30.3 12.45190 14
30.4 12.52990 14
30.5 12.60803 14
30.6 12.68927 14
30.7 12.77879 14
30.8 12.86842 14
30.9 12.95813 14
31.0 13.04790 14
31.1 13.13779 14
31.2 13.22776 14
31.3 13.31783 14
31.4 13.40800 14
31.5 13.49825 14
31.6 13.58859 14
31.7 13.67903 14
31.8 13.76953 14
31.9 13.86005 14
32.0 13.95070 14
32.1 14.04143 14
32.2 14.13224 14
32.3 14.22313 14
32.4 14.31410 14
32.5 14.40515 14
32.6 14.49627 14
32.7 14.58747 14
32.8 14.67871 14
32.9 14.77001 14
33.0 14.86137 14
33.1 14.95281 14
33.2 15.04432 14
33.3 15.13588 14
33.4 15.22747 14
33.5 15.31917 14
33.6 15.41094 14
33.7 15.50277 14
33.8 15.59466 14
33.9 15.68657 14
34.0 15.77854 14
34.1 15.87055 14
34.2 15.96261 14
34.3 16.05474 14
34.4 16.14691 14
34.5 16.23909 14
34.6 16.33137 14
34.7 16.42370 14
34.8 16.51609 14
34.9 16.60851 14
35.0 16.70098 14
35.1 16.79351 14
35.2 16.88604 14
35.3 16.97861 14
35.4 17.07114 14
35.5 17.16379 14
35.6 17.25648 14
35.7 17.34919 14
35.8 17.44196 14
35.9 17.53475 14
36.0 17.62759 14
36.1 17.72046 14
36.2 17.81330 14
36.3 17.90624 14
36.4 17.99919 14
36.5 18.09220 14
36.6 18.18524 14
36.7 18.21675 14
36.8 18.30937 14
36.9 18.40201 14
37.0 18.49459 14
37.1 18.58727 14
37.2 18.67998 14
37.3 18.77268 14
37.4 18.86543 14
37.5 18.95820 14
37.6 19.05099 14
37.7 19.14373 14
37.8 19.23654 14
37.9 19.32940 14
38.0 19.42225 14
38.1 19.51511 14
38.2 19.60801 14
38.3 19.70091 14
38.4 19.79375 14
38.5 19.88662 14
38.6 19.97957 14
38.7 20.07258 14
38.8 20.16310 14
38.9 20.25153 14
39.0 20.23301 14
39.1 20.32148 14
39.2 20.40998 14
39.3 20.42898 14
39.4 20.51717 14
39.5 20.60544 14
39.6 20.69368 14
39.7 20.78197 14
39.8 20.75918 14
39.9 20.84752 14
40.0 20.93590 14
40.1 21.02427 14
40.2 21.11281 14
40.3 21.20120 14
40.4 21.28976 14
40.5 21.26302 14
40.6 21.35155 14
40.7 21.44024 14
40.8 21.52890 14
40.9 21.61750 14
41.0 21.70623 14
41.1 21.79502 14
41.2 21.88400 14
41.3 21.85278 14
41.4 21.94157 14
41.5 21.95079 14
41.6 22.03920 14
41.7 22.12764 14
41.8 22.21609 14
41.9 22.30467 14
42.0 22.39321 14
42.1 22.48173 14
42.2 22.44553 14
42.3 22.53416 14
42.4 22.62262 14
42.5 22.71133 14
42.6 22.79995 14
42.7 22.88859 14
42.8 22.97740 14
42.9 23.06620 14
43.0 23.15493 14
43.1 23.11386 14
43.2 23.20251 14
43.3 23.29128 14
43.4 23.38010 14
43.5 23.37970 14
43.6 23.46804 14
43.7 23.55623 14
43.8 23.64476 14
43.9 23.73313 14
44.0 23.68662 14
44.1 23.77491 14
44.2 23.84491 14
44.3 23.86790 14
44.4 23.89086 14
44.5 23.91394 14
44.6 23.93683 14
44.7 23.95955 14
44.8 23.98256 14
44.9 24.00006 14
45.0 23.88556 14
45.1 23.90859 14
45.2 23.93151 14
45.3 23.95425 14
45.4 23.95167 14
45.5 23.97439 14
45.6 23.99718 14
45.7 24.01985 14
45.8 24.04259 14
45.9 24.06505 14
46.0 23.94853 14
46.1 23.97131 14
46.2 23.99407 14
46.3 24.01661 14
46.4 24.03935 14
46.5 24.06193 14
46.6 24.08460 14
46.7 24.10716 14
46.8 24.12947 14
46.9 24.15196 14
47.0 24.03351 14
47.1 24.05616 14
47.2 24.05110 14
47.3 24.07365 14
47.4 24.09589 14
47.5 24.11832 14
47.6 24.14066 14
47.7 24.16297 14
47.8 24.18527 14
47.9 24.20738 14
48.0 24.22960 14
48.1 24.10886 14
48.2 24.13114 14
48.3 24.15331 14
48.4 24.17565 14
48.5 24.19773 14
48.6 24.22005 14
48.7 24.24210 14
48.8 24.26416 14
48.9 24.28616 14
49.0 24.27875 14
49.1 24.30061 14
49.2 24.17748 14
49.3 24.19943 14
49.4 24.22135 14
49.5 24.24326 14
49.6 24.26509 14
49.7 24.28693 14
49.8 24.30865 14
49.9 24.33040 14
50.0 24.35210 14
50.1 24.37381 14
50.2 24.39537 14
50.3 24.26988 14
50.4 24.29164 14
50.5 24.31337 14
50.6 24.33502 14
50.7 24.35648 14
50.8 24.34675 14
50.9 24.36818 14
51.0 24.38957 14
51.1 24.41098 14
51.2 24.43229 14
51.3 24.45348 14
51.4 24.47480 14
51.5 24.49603 14
51.6 24.36800 14
51.7 24.38942 14
51.8 24.41059 14
51.9 24.43181 14
52.0 24.45295 14
52.1 24.47408 14
52.2 24.49510 14
52.3 24.51620 14
52.4 24.53712 14
52.5 24.55816 14
52.6 24.54604 14
52.7 24.56686 14
52.8 24.58751 14
52.9 24.45705 14
53.0 24.47779 14
53.1 24.49876 14
53.2 24.51928 14
53.3 24.54011 14
53.4 24.56086 14
53.5 24.58153 14
53.6 24.60209 14
53.7 24.62251 14
53.8 24.64306 14
53.9 24.66361 14
54.0 24.68409 14
54.1 24.55083 14
54.2 24.57139 14
54.3 23.31249 14
54.4 24.57742 14
54.5 23.31881 14
54.6 23.34067 14
54.7 23.36233 14
54.8 22.10733 14
54.9 22.13059 14
55.0 20.87766 14
55.1 20.90225 14
55.2 20.92672 14
55.3 19.67736 14
55.4 19.70334 14
55.5 19.72931 14
55.6 18.48308 14
55.7 18.51041 14
55.8 17.26620 14
55.9 17.29485 14
56.0 17.32334 14
56.1 17.12404 14
56.2 17.32803 14
56.3 17.12803 14
56.4 17.15344 14
56.5 17.17323 14
56.6 17.19755 14
56.7 17.22163 14
56.8 17.08508 14
56.9 17.11146 14
57.0 17.13782 14
57.1 16.66712 14
57.2 16.61697 14
57.3 16.53950 14
57.4 16.11377 14
57.5 16.04691 14
57.6 15.63130 14
57.7 15.57342 14
57.8 15.50751 14
57.9 15.11785 14
58.0 15.05844 14
58.1 15.11715 14
58.2 15.05803 14
58.3 14.99842 14
58.4 14.62802 14
58.5 14.57379 14
58.6 14.52015 14
58.7 14.16630 14
58.8 14.11761 14
58.9 14.19708 14
59.0 13.66782 14
59.1 13.82091 14
59.2 13.82781 14
59.3 13.10081 14
59.4 13.11539 14
59.5 13.12987 14
59.6 12.41307 14
59.7 12.42736 14
59.8 12.44200 14
59.9 11.78077 14
60.0 12.43997 14
60.1 11.77870 14
60.2 11.79314 14
60.3 11.80855 14
60.4 11.19651 14
60.5 11.21229 14
60.6 11.89607 14
60.7 11.28346 14
60.8 11.03874 14
60.9 10.92742 14
61.0 10.38369 14
61.1 10.39788 14
61.2 10.53240 14
61.3 10.04335 14
61.4 10.17723 14
61.5 10.15563 14
61.6 9.65685 14
61.7 9.62033 14
61.8 9.58117 14
61.9 9.63163 14
62.0 9.59311 14
62.1 9.55403 14
62.2 9.09513 14
62.3 9.06059 14
62.4 9.02644 14
62.5 8.62200 14
62.6 8.72281 14
62.7 8.73369 14
62.8 8.35125 14
62.9 8.36174 14
63.0 8.37232 14
63.1 8.01526 14
63.2 8.02595 14
63.3 8.03707 14
63.4 8.44413 14
63.5 8.01960 14
63.6 7.90045 14
63.7 7.86691 14
63.8 7.55207 14
63.9 7.87521 14
64.0 7.53818 14
64.1 7.58002 14
64.2 7.69856 14
64.3 7.72811 14
64.4 7.39108 14
64.5 7.37465 14
64.6 7.35648 14
64.7 7.03284 14
64.8 7.01641 14
64.9 7.00005 14
65.0 6.77924 14
65.1 6.78759 14
65.2 6.79601 14
65.3 6.80445 14
65.4 6.55207 14
65.5 6.56034 14
65.6 6.56879 14
65.7 6.33248 14
65.8 6.58892 14
65.9 6.57184 14
66.0 6.59488 14
66.1 6.58447 14
66.2 6.49751 14
66.3 6.46093 14
66.4 6.23187 14
66.5 6.28487 14
66.6 6.34761 14
66.7 6.10673 14
66.8 6.09810 14
66.9 6.08864 14
67.0 6.07902 14
67.1 5.83845 14
67.2 5.82976 14
67.3 5.83677 14
67.4 5.68313 14
67.5 5.68997 14
67.6 5.69679 14
67.7 5.70366 14
67.8 5.51812 14
67.9 5.52522 14
68.0 5.70476 14
68.1 5.51918 14
68.2 5.52624 14
68.3 5.73008 14
68.4 5.43348 14
68.5 5.42844 14
68.6 5.43904 14
68.7 5.46774 14
68.8 5.34305 14
68.9 5.33955 14
69.0 5.33427 14
69.1 5.32842 14
69.2 5.12431 14
69.3 5.11890 14
69.4 5.11618 14
69.5 5.12357 14
69.6 4.99635 14
69.7 5.00229 14
69.8 5.00826 14
69.9 5.01426 14
70.0 4.86285 14
70.1 5.00802 14
70.2 5.01395 14
70.3 4.86248 14
70.4 5.02154 14
70.5 4.96406 14
70.6 4.93291 14
70.7 4.84523 14
70.8 4.84573 14
70.9 4.83724 14
71.0 4.65217 14
71.1 4.64160 14
71.2 4.63394 14
71.3 4.66462 14
71.4 4.52773 14
71.5 4.53101 14
71.6 4.53422 14
71.7 4.53788 14
71.8 4.46807 14
71.9 4.45773 14
72.0 4.46813 14
72.1 4.50577 14
72.2 4.52644 14
72.3 4.37289 14
72.4 4.49170 14
72.5 4.52562 14
72.6 4.37352 14
72.7 4.37125 14
72.8 4.36839 14
72.9 4.36560 14
73.0 4.36277 14
73.1 4.36041 14
73.2 4.35776 14
73.3 4.36327 14
73.4 4.39120 14
73.5 4.39613 14
73.6 4.40091 14
73.7 4.40568 14
73.8 4.41046 14
73.9 4.41539 14
74.0 4.42020 14
74.1 4.42504 14
74.2 4.43006 14
74.3 4.43499 14
74.4 4.44000 14
74.5 4.58089 14
74.6 4.43247 14
74.7 4.43739 14
74.8 4.44252 14
74.9 4.57999 14
75.0 4.57395 14
75.1 4.53907 14
75.2 4.52123 14
75.3 4.51535 14
75.4 4.51776 14
75.5 4.52742 14
75.6 4.54659 14
75.7 4.58225 14
75.8 4.59719 14
75.9 4.60042 14
76.0 4.60028 14
76.1 4.59845 14
76.2 4.59636 14
76.3 4.59353 14
76.4 4.59059 14
76.5 4.58761 14
76.6 4.58510 14
76.7 4.58208 14
76.8 4.57915 14
76.9 4.57666 14
77.0 4.58448 14
77.1 4.58153 14
77.2 4.57859 14
77.3 4.57651 14
77.4 4.58202 14
77.5 4.58741 14
77.6 4.61491 14
77.7 4.61971 14
77.8 4.62435 14
77.9 4.62902 14
78.0 4.63368 14
78.1 4.63849 14
78.2 4.64318 14
78.3 4.64790 14
78.4 4.65280 14
78.5 4.65761 14
78.6 4.66248 14
78.7 4.81509 14
78.8 4.81259 14
78.9 4.79412 14
79.0 4.76328 14
79.1 4.74878 14
79.2 4.74337 14
79.3 4.74547 14
79.4 4.75412 14
79.5 4.74905 14
79.6 4.74342 14
79.7 4.74519 14
79.8 4.75338 14
79.9 4.76924 14
80.0 4.79732 14
80.1 4.82914 14
80.2 4.83418 14
80.3 4.83552 14
80.4 4.83495 14
80.5 4.83275 14
80.6 4.83007 14
80.7 4.82760 14
80.8 4.82455 14
80.9 4.82148 14
81.0 4.81888 14
81.1 4.81580 14
81.2 4.81273 14
81.3 4.80966 14
81.4 4.80917 14
81.5 4.81448 14
81.6 4.81979 14
81.7 4.82591 14
81.8 4.85204 14
81.9 4.85662 14
82.0 4.81819 14
82.1 4.82385 14
82.2 4.85045 14
82.3 4.85511 14
82.4 4.85962 14
82.5 4.86412 14
82.6 4.86879 14
82.7 4.87331 14
82.8 4.87786 14
82.9 4.88256 14
83.0 4.88716 14
83.1 4.89180 14
83.2 4.89663 14
83.3 4.90137 14
83.4 5.06149 14
83.5 5.05865 14
83.6 5.02811 14
83.7 5.00215 14
83.8 4.98980 14
83.9 4.98491 14
84.0 4.98659 14
84.1 4.99405 14
84.2 5.00810 14
84.3 5.03199 14
84.4 5.07085 14
84.5 5.08139 14
84.6 5.08412 14
84.7 5.01514 14
84.8 5.04338 14
84.9 5.07750 14
85.0 5.08273 14
85.1 5.08446 14
85.2 5.08422 14
85.3 5.08234 14
85.4 5.07973 14
85.5 5.07729 14
85.6 5.07421 14
85.7 5.07108 14
85.8 5.06842 14
85.9 5.06526 14
86.0 5.06211 14
86.1 5.05946 14
86.2 5.05632 14
86.3 5.05319 14
86.4 5.05767 14
86.5 5.06281 14
86.6 5.06807 14
86.7 5.07405 14
86.8 5.09954 14
86.9 5.10408 14
87.0 5.10849 14
87.1 5.11289 14
87.2 5.11744 14
87.3 5.12185 14
87.4 5.12628 14
87.5 5.10856 14
87.6 5.11291 14
87.7 5.11740 14
87.8 5.12176 14
87.9 5.12612 14
88.0 5.13066 14
88.1 5.13508 14
88.2 5.13967 14
88.3 5.14415 14
88.4 5.14870 14
88.5 5.32428 14
88.6 5.32242 14
88.7 5.31829 14
88.8 5.28170 14
88.9 5.25817 14
89.0 5.24536 14
89.1 5.24062 14
89.2 5.24100 14
89.3 5.24651 14
89.4 5.25722 14
89.5 5.27495 14
89.6 5.30216 14
89.7 5.34004 14
89.8 5.34546 14
89.9 5.34764 14
90.0 5.34744 14
90.1 5.34623 14
90.2 5.34377 14
90.3 5.34089 14
90.4 5.34708 14
90.5 5.34759 14
90.6 5.34681 14
90.7 5.34462 14
90.8 5.34239 14
90.9 5.33941 14
91.0 5.33629 14
91.1 5.33362 14
91.2 5.33044 14
91.3 5.32774 14
91.4 5.32449 14
91.5 5.32135 14
91.6 5.31866 14
91.7 5.31548 14
91.8 5.31281 14
91.9 5.31697 14
92.0 5.32190 14
92.1 5.32695 14
92.2 5.33236 14
92.3 5.33812 14
92.4 5.36227 14
92.5 5.36648 14
92.6 5.37084 14
92.7 5.37504 14
92.8 5.37926 14
92.9 5.38363 14
93.0 5.38786 14
93.1 5.39225 14
93.2 5.39652 14
93.3 5.40081 14
93.4 5.38034 14
93.5 5.38464 14
93.6 5.38882 14
93.7 5.39316 14
93.8 5.39737 14
93.9 5.40160 14
94.0 5.40602 14
94.1 5.41033 14
94.2 5.41483 14
94.3 5.59981 14
94.4 5.59746 14
94.5 5.58391 14
94.6 5.54976 14
94.7 5.52930 14
94.8 5.51657 14
94.9 5.51047 14
95.0 5.50990 14
95.1 5.51331 14
95.2 5.52102 14
95.3 5.53375 14
95.4 5.55261 14
95.5 5.58220 14
95.6 5.61827 14
95.7 5.62323 14
95.8 5.62536 14
95.9 5.62571 14
96.0 5.62435 14
96.1 5.62207 14
96.2 5.61981 14
96.3 5.61680 14
96.4 5.61412 14
96.5 5.61096 14
96.6 5.62458 14
96.7 5.62298 14
96.8 5.62030 14
96.9 5.61741 14
97.0 5.61484 14
97.1 5.61168 14
97.2 5.60900 14
97.3 5.60579 14
97.4 5.60309 14
97.5 5.59989 14
97.6 5.59668 14
97.7 5.59399 14
97.8 5.59080 14
97.9 5.58813 14
98.0 5.58774 14
98.1 5.59255 14
98.2 5.59726 14
98.3 5.60195 14
98.4 5.60712 14
98.5 5.61248 14
98.6 5.61792 14
98.7 5.64017 14
98.8 5.64431 14
98.9 5.64831 14
99.0 5.65231 14
99.1 5.65646 14
99.2 5.66047 14
99.3 5.66463 14
99.4 5.66866 14
99.5 5.67285 14
99.6 5.67691 14
99.7 5.68100 14
99.8 5.68526 14
99.9 5.66184 14
100.0 5.66595 14
100.1 5.66992 14
100.2 5.67391 14
100.3 5.67806 14
100.4 5.68210 14
100.5 5.68630 14
100.6 5.69040 14
100.7 5.89159 14
100.8 5.89043 14
100.9 5.88847 14
101.0 5.86961 14
101.1 5.83759 14
101.2 5.81751 14
101.3 5.80380 14
101.4 5.79681 14
101.5 5.79377 14
101.6 5.79498 14
101.7 5.79948 14
101.8 5.80763 14
101.9 5.82022 14
102.0 5.83877 14
102.1 5.86469 14
102.2 5.90451 14
102.3 5.91472 14
102.4 5.91764 14
102.5 5.91882 14
102.6 5.91814 14
102.7 5.91687 14
102.8 5.91449 14
102.9 5.91222 14
103.0 5.90924 14
103.1 5.90612 14
103.2 5.90346 14
103.3 5.90025 14
103.4 5.91717 14
103.5 5.91492 14
103.6 5.91275 14
103.7 5.90984 14
103.8 5.90730 14
103.9 5.90418 14
104.0 5.90153 14
104.1 5.89835 14
104.2 5.89516 14
104.3 5.89250 14
104.4 5.88931 14
104.5 5.88665 14
104.6 5.88347 14
104.7 5.88083 14
104.8 5.87766 14
104.9 5.87503 14
105.0 5.87855 14
105.1 5.88311 14
105.2 5.88754 14
105.3 5.89210 14
105.4 5.89679 14
105.5 5.90180 14
105.6 5.90688 14
105.7 5.91188 14
105.8 5.93226 14
105.9 5.93602 14
106.0 5.93993 14
106.1 5.94369 14
106.2 5.94760 14
106.3 5.95137 14
106.4 5.95529 14
106.5 5.95908 14
106.6 5.96302 14
106.7 5.96683 14
106.8 5.97080 14
106.9 5.97465 14
107.0 5.97867 14
107.1 5.95229 14
107.2 5.95615 14
107.3 5.95988 14
107.4 5.96376 14
107.5 5.96751 14
107.6 5.97142 14
107.7 5.97521 14
107.8 5.97903 14
107.9 5.98301 14
108.0 6.19754 14
108.1 6.19711 14
108.2 6.19523 14
108.3 6.19281 14
108.4 6.15691 14
108.5 6.13258 14
108.6 6.11435 14
108.7 6.10325 14
108.8 6.09599 14
108.9 6.09319 14
109.0 6.09318 14
109.1 6.09639 14
109.2 6.10240 14
109.3 6.11152 14
109.4 6.12475 14
109.5 6.14252 14
109.6 6.16819 14
109.7 6.20283 14
109.8 6.22199 14
109.9 6.22542 14
110.0 6.22682 14
110.1 6.22710 14
110.2 6.22592 14
110.3 6.22444 14
110.4 6.22200 14
110.5 6.21976 14
110.6 6.21682 14
110.7 6.21429 14
110.8 6.21119 14
110.9 6.20856 14
111.0 6.22633 14
111.1 6.22511 14
111.2 6.22289 14
111.3 6.22078 14
111.4 6.21796 14
111.5 6.21551 14
111.6 6.21247 14
111.7 6.20991 14
111.8 6.20679 14
111.9 6.20420 14
112.0 6.20107 14
112.1 6.19846 14
112.2 6.19534 14
112.3 6.19274 14
112.4 6.18962 14
112.5 6.18704 14
112.6 6.18393 14
112.7 6.18136 14
112.8 6.17826 14
112.9 6.18185 14
113.0 6.18600 14
113.1 6.19026 14
113.2 6.19440 14
113.3 6.19866 14
113.4 6.20314 14
113.5 6.20785 14
113.6 6.21246 14
113.7 6.21717 14
113.8 6.22178 14
113.9 6.23975 14
114.0 6.24337 14
114.1 6.24715 14
114.2 6.25077 14
114.3 6.25455 14
114.4 6.25834 14
114.5 6.26197 14
114.6 6.26577 14
114.7 6.26942 14
114.8 6.27324 14
114.9 6.27692 14
115.0 6.28076 14
115.1 6.25060 14
115.2 6.25417 14
115.3 6.25788 14
115.4 6.26145 14
115.5 6.26518 14
115.6 6.26877 14
115.7 6.27252 14
115.8 6.27613 14
115.9 6.27991 14
116.0 6.28355 14
116.1 6.28736 14
116.2 6.29105 14
116.3 6.53169 14
116.4 6.53138 14
116.5 6.53067 14
116.6 6.52862 14
116.7 6.52094 14
116.8 6.48595 14
116.9 6.46160 14
117.0 6.44236 14
117.1 6.42982 14
117.2 6.42065 14
117.3 6.41587 14
117.4 6.41394 14
117.5 6.41428 14
117.6 6.41736 14
117.7 6.42277 14
117.8 6.43079 14
117.9 6.44204 14
118.0 6.45669 14
118.1 6.47695 14
118.2 6.50298 14
118.3 6.54005 14
118.4 6.55956 14
118.5 6.56283 14
118.6 6.56475 14
118.7 6.56500 14
118.8 6.56459 14
118.9 6.56295 14
119.0 6.56124 14
119.1 6.55864 14
119.2 6.55633 14
119.3 6.55386 14
119.4 6.56023 14
119.5 6.56319 14
119.6 6.56488 14
119.7 6.56500 14
119.8 6.56451 14
119.9 6.56284 14
120.0 6.56114 14
120.1 6.55856 14
120.2 6.55629 14
120.3 6.55386 14
120.4 6.55080 14
120.5 6.54823 14
120.6 6.54506 14
120.7 6.54243 14
120.8 6.53924 14
120.9 6.53659 14
121.0 6.53339 14
121.1 6.53074 14
121.2 6.52756 14
121.3 6.52491 14
121.4 6.52174 14
121.5 6.51912 14
121.6 6.51649 14
121.7 6.51334 14
121.8 6.51072 14
121.9 6.50876 14
122.0 6.51291 14
122.1 6.51695 14
122.2 6.52111 14
122.3 6.52515 14
122.4 6.52930 14
122.5 6.53334 14
122.6 6.53789 14
122.7 6.54243 14
122.8 6.54689 14
122.9 6.55143 14
123.0 6.55588 14
123.1 6.56042 14
123.2 6.56486 14
123.3 6.58016 14
123.4 6.58357 14
123.5 6.58714 14
123.6 6.59056 14
123.7 6.59414 14
123.8 6.59772 14
123.9 6.60115 14
124.0 6.60475 14
124.1 6.55725 14
124.2 6.56170 14
124.3 6.57753 14
124.4 6.58103 14
124.5 6.58438 14
124.6 6.58789 14
124.7 6.59124 14
124.8 6.59475 14
124.9 6.59827 14
125.0 6.60163 14
125.1 6.60516 14
125.2 6.60854 14
125.3 6.61208 14
125.4 6.61548 14
125.5 6.61906 14
125.6 6.62249 14
125.7 6.62608 14
125.8 6.62970 14
125.9 6.63318 14
126.0 6.89267 14
126.1 6.89193 14
126.2 6.89096 14
126.3 6.88878 14
126.4 6.87150 14
126.5 6.83971 14
126.6 6.81682 14
126.7 6.79919 14
126.8 6.78477 14
126.9 6.77533 14
127.0 6.76820 14
127.1 6.76452 14
127.2 6.76269 14
127.3 6.76342 14
127.4 6.76604 14
127.5 6.77049 14
127.6 6.77705 14
127.7 6.78602 14
127.8 6.79741 14
127.9 6.81257 14
128.0 6.83125 14
128.1 6.85650 14
128.2 6.88781 14
128.3 6.92219 14
128.4 6.92594 14
128.5 6.92850 14
128.6 6.92953 14
128.7 6.92986 14
128.8 6.92893 14
128.9 6.92780 14
129.0 6.80230 14
129.1 6.81853 14
129.2 6.83840 14
129.3 6.86526 14
129.4 6.89844 14
129.5 6.92325 14
129.6 6.92669 14
129.7 6.92891 14
129.8 6.92967 14
129.9 6.92983 14
130.0 6.92877 14
130.1 6.92759 14
130.2 6.92599 14
130.3 6.92353 14
130.4 6.92139 14
130.5 6.91853 14
130.6 6.91612 14
130.7 6.91309 14
130.8 6.91057 14
130.9 6.90802 14
131.0 6.90490 14
131.1 6.90232 14
131.2 6.89917 14
131.3 6.89659 14
131.4 6.89343 14
131.5 6.89086 14
131.6 6.88829 14
131.7 6.88514 14
131.8 6.88258 14
131.9 6.87946 14
132.0 6.87689 14
132.1 6.87434 14
132.2 6.87124 14
132.3 6.86869 14
132.4 6.86560 14
132.5 6.86864 14
132.6 6.87243 14
132.7 6.87633 14
132.8 6.88024 14
132.9 6.88403 14
133.0 6.88793 14
133.1 6.89171 14
133.2 6.89577 14
133.3 6.89999 14
133.4 6.90411 14
133.5 6.90833 14
133.6 6.91246 14
133.7 6.91668 14
133.8 6.92080 14
133.9 6.92502 14
134.0 6.92923 14
134.1 6.94198 14
134.2 6.94533 14
134.3 6.88913 14
134.4 6.89283 14
134.5 6.89689 14
134.6 6.90093 14
134.7 6.90506 14
134.8 6.90920 14
134.9 6.91324 14
135.0 6.91738 14
135.1 6.92141 14
135.2 6.92554 14
135.3 6.92966 14
135.4 6.94225 14
135.5 6.94554 14
135.6 6.94866 14
135.7 6.95194 14
135.8 6.95522 14
135.9 6.95834 14
136.0 6.96163 14
136.1 6.96477 14
136.2 6.96806 14
136.3 6.97136 14
136.4 6.97451 14
136.5 6.97783 14
136.6 6.98100 14
136.7 6.98433 14
136.8 6.98768 14
136.9 6.99088 14
137.0 6.99425 14
137.1 6.99748 14
137.2 7.28144 14
137.3 7.28143 14
137.4 7.28047 14
137.5 7.27943 14
137.6 7.27733 14
137.7 7.25624 14
137.8 7.22845 14
137.9 7.20404 14
138.0 7.18611 14
138.1 7.17062 14
138.2 7.15976 14
138.3 7.15160 14
138.4 7.14504 14
138.5 7.14141 14
138.6 7.13912 14
138.7 7.13904 14
138.8 7.14049 14
138.9 7.14330 14
139.0 7.14782 14
139.1 7.15398 14
139.2 7.16186 14
139.3 7.17166 14
139.4 7.18426 14
139.5 7.19926 14
139.6 7.21873 14
139.7 7.24182 14
139.8 7.27055 14
139.9 7.30908 14
140.0 7.13903 14
140.1 7.13911 14
140.2 7.14066 14
140.3 7.14349 14
140.4 7.14798 14
140.5 7.15404 14
140.6 7.16174 14
140.7 7.17129 14
140.8 7.18351 14
140.9 7.19799 14
141.0 7.21671 14
141.1 7.23878 14
141.2 7.26608 14
141.3 7.30251 14
141.4 7.31720 14
141.5 7.32017 14
141.6 7.32187 14
141.7 7.32295 14
141.8 7.32286 14
141.9 7.32250 14
142.0 7.32161 14
142.1 7.31982 14
142.2 7.31819 14
142.3 7.31577 14
142.4 7.31372 14
142.5 7.31154 14
142.6 7.30869 14
142.7 7.30635 14
142.8 7.30396 14
142.9 7.30095 14
143.0 7.29850 14
143.1 7.29546 14
143.2 7.29299 14
143.3 7.29051 14
143.4 7.28746 14
143.5 7.28498 14
143.6 7.28249 14
143.7 7.27944 14
143.8 7.27697 14
143.9 7.27392 14
144.0 7.27146 14
144.1 7.26900 14
144.2 7.26597 14
144.3 7.26351 14
144.4 7.26107 14
144.5 7.25805 14
144.6 7.25561 14
144.7 7.25261 14
144.8 7.25043 14
144.9 7.25405 14
145.0 7.25755 14
145.1 7.26117 14
145.2 7.26466 14
145.3 7.26828 14
145.4 7.27191 14
145.5 7.27541 14
145.6 7.27902 14
145.7 7.28264 14
145.8 7.28641 14
145.9 7.29028 14
146.0 7.29404 14
146.1 7.25614 14
146.2 7.25320 14
146.3 7.25083 14
146.4 7.25300 14
146.5 7.25642 14
146.6 7.25996 14
146.7 7.26350 14
146.8 7.26691 14
146.9 7.27046 14
147.0 7.27400 14
147.1 7.27741 14
147.2 7.28095 14
147.3 7.28451 14
147.4 7.28829 14
147.5 7.29207 14
147.6 7.29575 14
147.7 7.29952 14
147.8 7.30330 14
147.9 7.30698 14
148.0 7.31075 14
148.1 7.31452 14
148.2 7.31819 14
148.3 7.32196 14
148.4 7.32561 14
148.5 7.33464 14
148.6 7.33767 14
148.7 7.34054 14
148.8 7.34359 14
148.9 7.34662 14
149.0 7.34950 14
149.1 7.35254 14
149.2 7.35559 14
149.3 7.35848 14
149.4 7.36153 14
149.5 7.36442 14
149.6 7.36748 14
149.7 7.37055 14
149.8 7.37346 14
149.9 7.37654 14
