15.0 1.51138 13
15.1 1.52299 13
15.2 1.53468 13
15.3 1.54602 13
15.4 1.55786 13
15.5 1.56932 13
15.6 1.58085 13
15.7 1.59243 13
15.8 1.60409 13
15.9 1.61528 13
16.0 1.62706 13
16.1 1.63835 13
16.2 1.64968 13
16.3 1.66165 13
16.4 1.67309 13
16.5 1.68457 13
16.6 1.82275 13
16.7 1.86231 13
16.8 1.90242 13
16.9 1.94309 13
17.0 1.98175 13
17.1 2.02347 13
17.2 2.06301 13
17.3 2.10580 13
17.4 2.14624 13
17.5 2.18710 13
17.6 2.22837 13
17.7 2.27006 13
17.8 2.31218 13
17.9 2.35473 13
18.0 2.39771 13
18.1 2.44113 13
18.2 2.48499 13
18.3 2.50911 14
18.4 2.56550 14
18.5 2.62816 14
18.6 2.69176 14
18.7 2.75027 14
18.8 2.81562 14
18.9 2.87552 14
19.0 2.94267 14
19.1 3.00399 14
19.2 3.06594 14
19.3 3.13577 14
19.4 3.19919 14
19.5 3.26326 14
19.6 3.32798 14
19.7 3.39336 14
19.8 3.46773 14
19.9 3.53465 14
20.0 3.60226 14
20.1 3.67054 14
20.2 3.73952 14
20.3 3.80919 14
20.4 3.87955 14
20.5 3.95063 14
20.6 4.02241 14
20.7 4.09492 14
20.8 4.15739 14
20.9 4.23108 14
21.0 4.30551 14
21.1 4.38068 14
21.2 4.45659 14
21.3 4.52117 14
21.4 4.59831 14
21.5 4.67621 14
21.6 4.75489 14
21.7 4.82111 14
21.8 4.90104 14
21.9 4.98176 14
22.0 5.04916 14
22.1 5.13115 14
22.2 5.21395 14
22.3 5.28254 14
22.4 5.36663 14
22.5 5.43591 14
22.6 5.52132 14
22.7 5.60756 14
22.8 5.67802 14
22.9 5.76559 14
23.0 5.83675 14
23.1 5.92567 14
23.2 5.99752 14
23.3 6.08780 14
23.4 6.16033 14
23.5 6.23306 14
23.6 6.32521 14
23.7 6.39862 14
23.8 6.49216 14
23.9 6.56624 14
24.0 6.66120 14
24.1 6.73596 14
24.2 6.81089 14
24.3 6.90777 14
24.4 6.98337 14
24.5 7.08169 14
24.6 7.15796 14
24.7 7.23440 14
24.8 7.33468 14
24.9 7.41178 14
25.0 7.48904 14
25.1 7.59130 14
25.2 7.66922 14
25.3 7.74729 14
25.4 7.85156 14
25.5 7.93027 14
25.6 8.07545 14
25.7 8.15662 14
25.8 8.30595 14
25.9 8.41771 14
26.0 8.48067 14
26.1 8.54371 14
26.2 8.62995 14
26.3 8.69345 14
26.4 8.76850 14
26.5 8.84899 14
26.6 8.96054 14
26.7 9.04165 14
26.8 9.12288 14
26.9 9.20423 14
27.0 9.31840 14
27.1 9.40036 14
27.2 9.48243 14
27.3 9.56461 14
27.4 9.64689 14
27.5 9.76423 14
27.6 9.84712 14
27.7 9.93011 14
27.8 10.01318 14
27.9 10.09635 14
28.0 10.17960 14
28.1 10.30068 14
28.2 10.38453 14
28.3 10.46847 14
28.4 10.55248 14
28.5 10.63657 14
28.6 10.72073 14
28.7 10.84559 14
28.8 10.93034 14
28.9 11.01516 14
29.0 11.10004 14
29.1 11.18499 14
29.2 11.27000 14
29.3 11.35506 14
29.4 11.48428 14
29.5 11.56992 14
29.6 11.65561 14
29.7 11.74136 14
29.8 11.82715 14
29.9 11.91299 14
30.0 11.99887 14
30.1 12.08479 14
30.2 12.17076 14
30.3 12.30544 14
30.4 12.39196 14
30.5 12.47851 14
30.6 12.56510 14
30.7 12.65172 14
30.8 12.73836 14
30.9 12.82503 14
31.0 12.91173 14
31.1 12.99844 14
31.2 13.08518 14
31.3 13.22592 14
31.4 13.31319 14
31.5 13.40048 14
31.6 13.48779 14
31.7 13.57510 14
31.8 13.66242 14
31.9 13.74975 14
32.0 13.83709 14
32.1 13.92442 14
32.2 14.01176 14
32.3 14.09910 14
32.4 14.18643 14
32.5 14.27376 14
32.6 14.36109 14
32.7 14.51009 14
32.8 14.59794 14
32.9 14.68577 14
33.0 14.77358 14
33.1 14.86139 14
33.2 14.94918 14
33.3 15.03695 14
33.4 15.12470 14
33.5 15.21243 14
33.6 15.30014 14
33.7 15.38782 14
33.8 15.47548 14
33.9 15.56311 14
34.0 15.65071 14
34.1 15.73828 14
34.2 15.82582 14
34.3 15.91333 14
34.4 16.00079 14
34.5 16.08823 14
34.6 16.17562 14
34.7 16.33619 14
34.8 16.42407 14
34.9 16.51191 14
35.0 16.59971 14
35.1 16.68746 14
35.2 16.77516 14
35.3 16.86282 14
35.4 16.95043 14
35.5 17.03799 14
35.6 17.12549 14
35.7 17.21295 14
35.8 17.30034 14
35.9 17.38769 14
36.0 17.47497 14
36.1 17.56220 14
36.2 17.64937 14
36.3 17.73647 14
36.4 17.82351 14
36.5 17.91049 14
36.6 17.99741 14
36.7 18.08426 14
36.8 18.17104 14
36.9 18.25775 14
37.0 18.34440 14
37.1 18.43097 14
37.2 18.51747 14
37.3 18.60390 14
37.4 18.69025 14
37.5 18.77653 14
37.6 18.86273 14
37.7 18.94885 14
37.8 19.03490 14
37.9 19.12086 14
38.0 19.20675 14
38.1 19.29255 14
38.2 19.37827 14
38.3 19.46391 14
38.4 19.54946 14
38.5 19.63492 14
38.6 19.72030 14
38.7 19.80559 14
38.8 19.89079 14
38.9 19.97591 14
39.0 20.06093 14
39.1 20.24594 14
39.2 20.33140 14
39.3 20.41676 14
39.4 20.50203 14
39.5 20.58721 14
39.6 20.67229 14
39.7 20.75728 14
39.8 20.84216 14
39.9 20.92695 14
40.0 21.01165 14
40.1 21.09624 14
40.2 21.18073 14
40.3 21.26512 14
40.4 21.34941 14
40.5 21.43360 14
40.6 21.51768 14
40.7 21.60166 14
40.8 21.68554 14
40.9 21.76931 14
41.0 21.85297 14
41.1 21.93653 14
41.2 22.01998 14
41.3 22.10332 14
41.4 22.18655 14
41.5 22.26967 14
41.6 22.35268 14
41.7 22.43558 14
41.8 22.51837 14
41.9 22.60104 14
42.0 22.68361 14
42.1 22.76606 14
42.2 22.84839 14
42.3 22.93062 14
42.4 23.01272 14
42.5 23.09471 14
42.6 23.17659 14
42.7 23.25834 14
42.8 23.33998 14
42.9 23.42150 14
43.0 23.50290 14
43.1 23.58419 14
43.2 23.66535 14
43.3 23.74640 14
43.4 23.82732 14
43.5 23.90812 14
43.6 23.98880 14
43.7 24.06936 14
43.8 24.14980 14
43.9 24.23011 14
44.0 24.31030 14
44.1 24.39036 14
44.2 24.47031 14
44.3 24.55012 14
44.4 24.62981 14
44.5 24.70938 14
44.6 24.78882 14
44.7 24.86813 14
44.8 24.94732 14
44.9 25.02638 14
45.0 25.10531 14
45.1 25.04603 14
45.2 25.12406 14
45.3 25.20197 14
45.4 25.27975 14
45.5 25.35739 14
45.6 25.43491 14
45.7 25.51230 14
45.8 25.58956 14
45.9 25.66669 14
46.0 25.74368 14
46.1 25.82055 14
46.2 25.89729 14
46.3 25.97389 14
46.4 26.05036 14
46.5 26.12670 14
46.6 26.20291 14
46.7 26.27898 14
46.8 26.35492 14
46.9 26.43073 14
47.0 26.50640 14
47.1 26.58194 14
47.2 26.65735 14
47.3 26.73262 14
47.4 26.80776 14
47.5 26.88277 14
47.6 26.95764 14
47.7 27.03237 14
47.8 27.10697 14
47.9 27.18143 14
48.0 27.25574 14
48.1 27.32994 14
48.2 27.40399 14
48.3 27.47792 14
48.4 27.55170 14
48.5 27.62535 14
48.6 27.69886 14
48.7 27.77224 14
48.8 27.84548 14
48.9 27.91858 14
49.0 27.99155 14
49.1 28.06438 14
49.2 28.13707 14
49.3 28.20963 14
49.4 28.28204 14
49.5 28.35433 14
49.6 28.42647 14
49.7 28.49847 14
49.8 28.57034 14
49.9 28.64207 14
50.0 28.71366 14
50.1 28.78512 14
50.2 28.85643 14
50.3 28.92761 14
50.4 28.99865 14
50.5 29.06955 14
50.6 29.14031 14
50.7 29.21094 14
50.8 29.28142 14
50.9 29.35177 14
51.0 29.42198 14
51.1 29.49205 14
51.2 29.56199 14
51.3 29.63178 14
51.4 29.70144 14
51.5 29.77095 14
51.6 29.84033 14
51.7 29.90957 14
51.8 29.97867 14
51.9 30.04763 14
52.0 30.11646 14
52.1 30.18514 14
52.2 30.25369 14
52.3 30.32210 14
52.4 30.39037 14
52.5 30.45850 14
52.6 30.52649 14
52.7 30.59434 14
52.8 30.66206 14
52.9 30.72964 14
53.0 30.79708 14
53.1 30.86438 14
53.2 30.93154 14
53.3 30.99856 14
53.4 31.06545 14
53.5 31.13219 14
53.6 31.19880 14
53.7 31.26527 14
53.8 31.33160 14
53.9 31.39780 14
54.0 31.46386 14
54.1 31.52977 14
54.2 31.59555 14
54.3 31.66120 14
54.4 31.72670 14
54.5 31.79207 14
54.6 31.85730 14
54.7 31.92239 14
54.8 31.98735 14
54.9 31.85390 14
55.0 31.91797 14
55.1 31.98191 14
55.2 32.01923 14
55.3 32.04087 14
55.4 32.06245 14
55.5 32.08395 14
55.6 32.10538 14
55.7 32.12675 14
55.8 32.14804 14
55.9 32.16927 14
56.0 32.19042 14
56.1 32.21151 14
56.2 32.23254 14
56.3 32.25349 14
56.4 32.27438 14
56.5 32.29519 14
56.6 32.31595 14
56.7 32.33663 14
56.8 32.35725 14
56.9 32.37780 14
57.0 32.39829 14
57.1 32.41871 14
57.2 32.43906 14
57.3 32.45935 14
57.4 32.47958 14
57.5 32.49974 14
57.6 32.51983 14
57.7 32.53986 14
57.8 32.55983 14
57.9 32.57973 14
58.0 32.59957 14
58.1 32.61935 14
58.2 32.63906 14
58.3 32.65871 14
58.4 32.67830 14
58.5 32.69782 14
58.6 32.71729 14
58.7 32.73669 14
58.8 32.75602 14
58.9 32.77530 14
59.0 32.79452 14
59.1 32.81367 14
59.2 32.83277 14
59.3 32.85180 14
59.4 32.87077 14
59.5 32.88968 14
59.6 32.90854 14
59.7 32.92733 14
59.8 32.94606 14
59.9 32.96474 14
60.0 32.98335 14
60.1 33.00191 14
60.2 33.02040 14
60.3 33.03884 14
60.4 33.05722 14
60.5 33.07554 14
60.6 33.09381 14
60.7 33.11202 14
60.8 33.13017 14
60.9 33.14826 14
61.0 33.16629 14
61.1 33.18427 14
61.2 33.20219 14
61.3 33.22006 14
61.4 33.23787 14
61.5 33.25562 14
61.6 33.27332 14
61.7 33.29096 14
61.8 33.30855 14
61.9 33.32608 14
62.0 33.34356 14
62.1 33.36098 14
62.2 33.37835 14
62.3 33.39566 14
62.4 33.41292 14
62.5 33.43013 14
62.6 33.44728 14
62.7 33.46438 14
62.8 33.48142 14
62.9 33.49841 14
63.0 33.51535 14
63.1 33.53223 14
63.2 33.54907 14
63.3 33.56585 14
63.4 33.58258 14
63.5 33.52186 14
63.6 33.53838 14
63.7 33.55484 14
63.8 33.57126 14
63.9 33.58762 14
64.0 33.60393 14
64.1 33.62019 14
64.2 33.63640 14
64.3 33.65256 14
64.4 33.66867 14
64.5 33.68473 14
64.6 33.70074 14
64.7 33.71671 14
64.8 33.73262 14
64.9 33.74848 14
65.0 33.76429 14
65.1 33.78006 14
65.2 33.79577 14
65.3 33.81144 14
65.4 33.82706 14
65.5 33.84263 14
65.6 33.85815 14
65.7 33.87363 14
65.8 33.88906 14
65.9 33.90444 14
66.0 33.91977 14
66.1 33.93505 14
66.2 33.95029 14
66.3 33.96548 14
66.4 33.98063 14
66.5 33.99573 14
66.6 34.01078 14
66.7 34.02579 14
66.8 34.04075 14
66.9 34.05566 14
67.0 34.07053 14
67.1 34.08536 14
67.2 34.10013 14
67.3 34.11487 14
67.4 34.12956 14
67.5 34.14420 14
67.6 34.15880 14
67.7 34.17335 14
67.8 34.18786 14
67.9 34.20233 14
68.0 34.21675 14
68.1 34.23113 14
68.2 34.24546 14
68.3 34.25975 14
68.4 34.27400 14
68.5 34.28820 14
68.6 34.30237 14
68.7 34.31648 14
68.8 34.33056 14
68.9 34.34459 14
69.0 34.35858 14
69.1 34.37253 14
69.2 34.38644 14
69.3 34.40030 14
69.4 34.41412 14
69.5 34.42790 14
69.6 34.44164 14
69.7 34.45534 14
69.8 34.46900 14
69.9 34.48261 14
70.0 34.49618 14
70.1 34.50972 14
70.2 34.52321 14
70.3 34.53666 14
70.4 34.55007 14
70.5 34.56345 14
70.6 34.57678 14
70.7 34.59007 14
70.8 34.60332 14
70.9 34.61653 14
71.0 34.62970 14
71.1 34.64284 14
71.2 34.65593 14
71.3 34.66898 14
71.4 34.68200 14
71.5 34.69498 14
71.6 34.70791 14
71.7 34.72081 14
71.8 34.73368 14
71.9 34.74650 14
72.0 34.75928 14
72.1 34.77203 14
72.2 34.78474 14
72.3 34.79741 14
72.4 34.81004 14
72.5 34.82264 14
72.6 34.83520 14
72.7 34.84772 14
72.8 34.86020 14
72.9 34.87265 14
73.0 34.88506 14
73.1 34.89743 14
73.2 34.90977 14
73.3 34.92207 14
73.4 34.93433 14
73.5 34.94656 14
73.6 34.95875 14
73.7 34.88419 14
73.8 34.89622 14
73.9 34.90822 14
74.0 34.92018 14
74.1 34.93211 14
74.2 34.94401 14
74.3 34.95586 14
74.4 34.96769 14
74.5 34.97948 14
74.6 34.99123 14
74.7 35.00295 14
74.8 35.01464 14
74.9 35.02629 14
75.0 35.03790 14
75.1 35.04949 14
75.2 35.06103 14
75.3 35.07255 14
75.4 35.08403 14
75.5 35.09548 14
75.6 35.10689 14
75.7 35.11827 14
75.8 35.12962 14
75.9 35.14094 14
76.0 35.15222 14
76.1 35.16347 14
76.2 35.17468 14
76.3 35.18587 14
76.4 35.19702 14
76.5 35.20814 14
76.6 35.21922 14
76.7 35.23028 14
76.8 35.24130 14
76.9 35.25229 14
77.0 35.26324 14
77.1 35.27417 14
77.2 35.28507 14
77.3 35.29593 14
77.4 35.30676 14
77.5 35.31756 14
77.6 35.32833 14
77.7 35.33907 14
77.8 35.34977 14
77.9 35.36045 14
78.0 35.37110 14
78.1 35.38171 14
78.2 35.39229 14
78.3 35.40285 14
78.4 35.41337 14
78.5 35.42386 14
78.6 35.43433 14
78.7 35.44476 14
78.8 35.45516 14
78.9 35.46553 14
79.0 35.47588 14
79.1 35.48619 14
79.2 35.49648 14
79.3 35.50673 14
79.4 35.51695 14
79.5 35.52715 14
79.6 35.53732 14
79.7 35.54746 14
79.8 35.55756 14
79.9 35.56764 14
80.0 35.57770 14
80.1 35.58772 14
80.2 35.59771 14
80.3 35.60768 14
80.4 35.61761 14
80.5 35.62752 14
80.6 35.63740 14
80.7 35.64726 14
80.8 35.65708 14
80.9 35.66688 14
81.0 35.67665 14
81.1 35.68639 14
81.2 35.69610 14
81.3 35.70579 14
81.4 35.71545 14
81.5 35.72508 14
81.6 35.73468 14
81.7 35.74426 14
81.8 35.75381 14
81.9 35.76333 14
82.0 35.77283 14
82.1 35.78230 14
82.2 35.79174 14
82.3 35.80116 14
82.4 35.81055 14
82.5 35.81991 14
82.6 35.82925 14
82.7 35.83856 14
82.8 35.84785 14
82.9 35.85710 14
83.0 35.86634 14
83.1 35.87554 14
83.2 35.88472 14
83.3 35.89388 14
83.4 35.90301 14
83.5 35.91211 14
83.6 35.92119 14
83.7 35.93025 14
83.8 35.93927 14
83.9 35.94828 14
84.0 35.95725 14
84.1 35.96621 14
84.2 35.97514 14
84.3 35.98404 14
84.4 35.99292 14
84.5 36.00177 14
84.6 36.01060 14
84.7 36.01940 14
84.8 36.02818 14
84.9 36.03694 14
85.0 36.04567 14
85.1 36.05438 14
85.2 36.06306 14
85.3 36.07172 14
85.4 36.08035 14
85.5 36.08896 14
85.6 36.09755 14
85.7 36.10611 14
85.8 36.11465 14
85.9 36.12317 14
86.0 36.13166 14
86.1 36.14013 14
86.2 36.14858 14
86.3 36.15700 14
86.4 36.16540 14
86.5 36.17378 14
86.6 36.18213 14
86.7 36.19046 14
86.8 36.19877 14
86.9 36.20705 14
87.0 36.21532 14
87.1 36.22356 14
87.2 36.23177 14
87.3 36.23997 14
87.4 36.24814 14
87.5 36.25629 14
87.6 36.16819 14
87.7 36.17623 14
87.8 36.18425 14
87.9 36.19225 14
88.0 36.20023 14
88.1 36.20819 14
88.2 36.21612 14
88.3 36.22403 14
88.4 36.23192 14
88.5 36.23979 14
88.6 36.24764 14
88.7 36.25547 14
88.8 36.26327 14
88.9 36.27106 14
89.0 36.27882 14
89.1 36.28657 14
89.2 36.29429 14
89.3 36.30199 14
89.4 36.30967 14
89.5 36.31733 14
89.6 36.32496 14
89.7 36.33258 14
89.8 36.34018 14
89.9 36.34775 14
90.0 36.35531 14
90.1 36.36284 14
90.2 36.37036 14
90.3 36.37785 14
90.4 36.38533 14
90.5 36.39278 14
90.6 36.40022 14
90.7 36.40763 14
90.8 36.41503 14
90.9 36.42240 14
91.0 36.42976 14
91.1 36.43709 14
91.2 36.44441 14
91.3 36.45170 14
91.4 36.45898 14
91.5 36.46623 14
91.6 36.47347 14
91.7 36.48069 14
91.8 36.48789 14
91.9 36.49507 14
92.0 36.50223 14
92.1 36.50937 14
92.2 36.51649 14
92.3 36.52359 14
92.4 36.53068 14
92.5 36.53774 14
92.6 36.54479 14
92.7 36.55181 14
92.8 36.55882 14
92.9 36.56581 14
93.0 36.57279 14
93.1 36.57974 14
93.2 36.58667 14
93.3 36.59359 14
93.4 36.60049 14
93.5 36.60737 14
93.6 36.61423 14
93.7 36.62107 14
93.8 36.62790 14
93.9 36.63470 14
94.0 36.64149 14
94.1 36.64826 14
94.2 36.65502 14
94.3 36.66175 14
94.4 36.66847 14
94.5 36.67517 14
94.6 36.68185 14
94.7 36.68852 14
94.8 36.69516 14
94.9 36.70179 14
95.0 36.70841 14
95.1 36.71500 14
95.2 36.72158 14
95.3 36.72814 14
95.4 36.73468 14
95.5 36.74121 14
95.6 36.74772 14
95.7 36.75421 14
95.8 36.76068 14
95.9 36.76714 14
96.0 36.77358 14
96.1 36.78001 14
96.2 36.78641 14
96.3 36.79280 14
96.4 36.79918 14
96.5 36.80554 14
96.6 36.81188 14
96.7 36.81820 14
96.8 36.82451 14
96.9 36.83080 14
97.0 36.83708 14
97.1 36.84333 14
97.2 36.84958 14
97.3 36.85580 14
97.4 36.86201 14
97.5 36.86821 14
97.6 36.87438 14
97.7 36.88055 14
97.8 36.88669 14
97.9 36.89282 14
98.0 36.89894 14
98.1 36.90504 14
98.2 36.91112 14
98.3 36.91719 14
98.4 36.92324 14
98.5 36.92927 14
98.6 36.93529 14
98.7 36.94130 14
98.8 36.94729 14
98.9 36.95326 14
99.0 36.95922 14
99.1 36.96516 14
99.2 36.97109 14
99.3 36.97700 14
99.4 36.98290 14
99.5 36.98878 14
99.6 36.99465 14
99.7 37.00050 14
99.8 37.00634 14
99.9 37.01216 14
100.0 37.01797 14
100.1 37.02376 14
100.2 37.02954 14
100.3 37.03530 14
100.4 37.04105 14
100.5 37.04678 14
100.6 37.05250 14
100.7 37.05821 14
100.8 37.06390 14
100.9 37.06957 14
101.0 37.07523 14
101.1 37.08088 14
101.2 37.08651 14
101.3 37.09213 14
101.4 37.09773 14
101.5 37.10332 14
101.6 37.10890 14
101.7 37.11446 14
101.8 37.12000 14
101.9 37.12554 14
102.0 37.13106 14
102.1 37.13656 14
102.2 37.14205 14
102.3 37.14753 14
102.4 37.15299 14
102.5 37.15844 14
102.6 37.16388 14
102.7 37.16930 14
102.8 37.17471 14
102.9 37.18010 14
103.0 37.18548 14
103.1 37.19085 14
103.2 37.19620 14
103.3 37.20154 14
103.4 37.20687 14
103.5 37.21219 14
103.6 37.21749 14
103.7 37.22277 14
103.8 37.22805 14
103.9 37.23331 14
104.0 37.23856 14
104.1 37.24379 14
104.2 37.24901 14
104.3 37.25422 14
104.4 37.25941 14
104.5 37.26460 14
104.6 37.26977 14
104.7 37.27492 14
104.8 37.28007 14
104.9 37.28520 14
105.0 37.29031 14
105.1 37.29542 14
105.2 37.30051 14
105.3 37.30559 14
105.4 37.31066 14
105.5 37.31571 14
105.6 37.32075 14
105.7 37.32578 14
105.8 37.33080 14
105.9 37.33580 14
106.0 37.34080 14
106.1 37.34578 14
106.2 37.35074 14
106.3 37.35570 14
106.4 37.36064 14
106.5 37.36557 14
106.6 37.37049 14
106.7 37.37540 14
106.8 37.38029 14
106.9 37.38517 14
107.0 37.39004 14
107.1 37.39490 14
107.2 37.39975 14
107.3 37.40458 14
107.4 37.40940 14
107.5 37.41421 14
107.6 37.41901 14
107.7 37.42380 14
107.8 37.42857 14
107.9 37.43334 14
108.0 37.43809 14
108.1 37.44283 14
108.2 37.44756 14
108.3 37.45227 14
108.4 37.45698 14
108.5 37.46167 14
108.6 37.46635 14
108.7 37.47102 14
108.8 37.47568 14
108.9 37.48033 14
109.0 37.48497 14
109.1 37.48959 14
109.2 37.49421 14
109.3 37.49881 14
109.4 37.50340 14
109.5 37.50798 14
109.6 37.51255 14
109.7 37.51711 14
109.8 37.52166 14
109.9 37.52619 14
110.0 37.53072 14
110.1 37.42894 14
110.2 37.43341 14
110.3 37.43786 14
110.4 37.44231 14
110.5 37.44674 14
110.6 37.45117 14
110.7 37.45558 14
110.8 37.45998 14
110.9 37.46437 14
111.0 37.46875 14
111.1 37.47312 14
111.2 37.47748 14
111.3 37.48183 14
111.4 37.48617 14
111.5 37.49050 14
111.6 37.49481 14
111.7 37.49912 14
111.8 37.50342 14
111.9 37.50770 14
112.0 37.51198 14
112.1 37.51625 14
112.2 37.52050 14
112.3 37.52475 14
112.4 37.52898 14
112.5 37.53321 14
112.6 37.53742 14
112.7 37.54163 14
112.8 37.54582 14
112.9 37.55001 14
113.0 37.55418 14
113.1 37.55835 14
113.2 37.56250 14
113.3 37.56664 14
113.4 37.57078 14
113.5 37.57490 14
113.6 37.57902 14
113.7 37.58312 14
113.8 37.58722 14
113.9 37.59131 14
114.0 37.59538 14
114.1 37.59945 14
114.2 37.60350 14
114.3 37.60755 14
114.4 37.61159 14
114.5 37.61562 14
114.6 37.61963 14
114.7 37.62364 14
114.8 37.62764 14
114.9 37.63163 14
115.0 37.63561 14
115.1 37.63958 14
115.2 37.64354 14
115.3 37.64750 14
115.4 37.65144 14
115.5 37.65537 14
115.6 37.65930 14
115.7 37.66321 14
115.8 37.66712 14
115.9 37.67101 14
116.0 37.67490 14
116.1 37.67878 14
116.2 37.68265 14
116.3 37.68651 14
116.4 37.69036 14
116.5 37.69420 14
116.6 37.69803 14
116.7 37.70185 14
116.8 37.70567 14
116.9 37.70947 14
117.0 37.71327 14
117.1 37.71706 14
117.2 37.72084 14
117.3 37.72461 14
117.4 37.72837 14
117.5 37.73212 14
117.6 37.73586 14
117.7 37.73960 14
117.8 37.74332 14
117.9 37.74704 14
118.0 37.75075 14
118.1 37.75445 14
118.2 37.75814 14
118.3 37.76182 14
118.4 37.76550 14
118.5 37.76916 14
118.6 37.77282 14
118.7 37.77647 14
118.8 37.78011 14
118.9 37.78374 14
119.0 37.78736 14
119.1 37.79098 14
119.2 37.79459 14
119.3 37.79818 14
119.4 37.80177 14
119.5 37.80535 14
119.6 37.80893 14
119.7 37.81249 14
119.8 37.81605 14
119.9 37.81960 14
120.0 37.82314 14
120.1 37.82667 14
120.2 37.83019 14
120.3 37.83371 14
120.4 37.83722 14
120.5 37.84071 14
120.6 37.84421 14
120.7 37.84769 14
120.8 37.85116 14
120.9 37.85463 14
121.0 37.85809 14
121.1 37.86154 14
121.2 37.86499 14
121.3 37.86842 14
121.4 37.87185 14
121.5 37.87527 14
121.6 37.87868 14
121.7 37.88208 14
121.8 37.88548 14
121.9 37.88887 14
122.0 37.89225 14
122.1 37.89562 14
122.2 37.89899 14
122.3 37.90234 14
122.4 37.90569 14
122.5 37.90904 14
122.6 37.91237 14
122.7 37.91570 14
122.8 37.91902 14
122.9 37.92233 14
123.0 37.92563 14
123.1 37.92893 14
123.2 37.93222 14
123.3 37.93550 14
123.4 37.93877 14
123.5 37.94204 14
123.6 37.94530 14
123.7 37.94855 14
123.8 37.95180 14
123.9 37.95503 14
124.0 37.95826 14
124.1 37.96149 14
124.2 37.96470 14
124.3 37.96791 14
124.4 37.97111 14
124.5 37.97430 14
124.6 37.97749 14
124.7 37.98067 14
124.8 37.98384 14
124.9 37.98700 14
125.0 37.99016 14
125.1 37.99331 14
125.2 37.99646 14
125.3 37.99959 14
125.4 38.00272 14
125.5 38.00584 14
125.6 38.00896 14
125.7 38.01207 14
125.8 38.01517 14
125.9 38.01826 14
126.0 38.02135 14
126.1 38.02443 14
126.2 38.02750 14
126.3 38.03057 14
126.4 38.03363 14
126.5 38.03668 14
126.6 38.03972 14
126.7 38.04276 14
126.8 38.04580 14
126.9 38.04882 14
127.0 38.05184 14
127.1 38.05485 14
127.2 38.05786 14
127.3 38.06085 14
127.4 38.06385 14
127.5 38.06683 14
127.6 38.06981 14
127.7 38.07278 14
127.8 38.07575 14
127.9 38.07870 14
128.0 38.08166 14
128.1 38.08460 14
128.2 38.08754 14
128.3 38.09047 14
128.4 38.09340 14
128.5 38.09632 14
128.6 38.09923 14
128.7 38.10214 14
128.8 38.10504 14
128.9 38.10793 14
129.0 38.11082 14
129.1 38.11370 14
129.2 38.11657 14
129.3 38.11944 14
129.4 38.12230 14
129.5 38.12515 14
129.6 38.12800 14
129.7 38.13085 14
129.8 38.13368 14
129.9 38.13651 14
130.0 38.13934 14
130.1 38.14215 14
130.2 38.14496 14
130.3 38.14777 14
130.4 38.15057 14
130.5 38.15336 14
130.6 38.15615 14
130.7 38.15893 14
130.8 38.16170 14
130.9 38.16447 14
131.0 38.16723 14
131.1 38.16999 14
131.2 38.17274 14
131.3 38.17548 14
131.4 38.17822 14
131.5 38.18095 14
131.6 38.18368 14
131.7 38.18640 14
131.8 38.18911 14
131.9 38.19182 14
132.0 38.19452 14
132.1 38.19722 14
132.2 38.19991 14
132.3 38.20259 14
132.4 38.20527 14
132.5 38.20794 14
132.6 38.21061 14
132.7 38.21327 14
132.8 38.21593 14
132.9 38.21858 14
133.0 38.22122 14
133.1 38.22386 14
133.2 38.22649 14
133.3 38.22912 14
133.4 38.23174 14
133.5 38.23435 14
133.6 38.23696 14
133.7 38.23957 14
133.8 38.24217 14
133.9 38.24476 14
134.0 38.24735 14
134.1 38.24993 14
134.2 38.25250 14
134.3 38.25507 14
134.4 38.25764 14
134.5 38.26020 14
134.6 38.26275 14
134.7 38.26530 14
134.8 38.26784 14
134.9 38.27038 14
135.0 38.27291 14
135.1 38.27544 14
135.2 38.27796 14
135.3 38.28047 14
135.4 38.28298 14
135.5 38.28549 14
135.6 38.28798 14
135.7 38.29048 14
135.8 38.29297 14
135.9 38.29545 14
136.0 38.29793 14
136.1 38.30040 14
136.2 38.30287 14
136.3 38.30533 14
136.4 38.30778 14
136.5 38.31024 14
136.6 38.31268 14
136.7 38.31512 14
136.8 38.31756 14
136.9 38.31999 14
137.0 38.32241 14
137.1 38.32483 14
137.2 38.32725 14
137.3 38.32966 14
137.4 38.33206 14
137.5 38.33446 14
137.6 38.33685 14
137.7 38.33924 14
137.8 38.34163 14
137.9 38.34401 14
138.0 38.34638 14
138.1 38.34875 14
138.2 38.35111 14
138.3 38.35347 14
138.4 38.35582 14
138.5 38.35817 14
138.6 38.36052 14
138.7 38.36285 14
138.8 38.36519 14
138.9 38.36752 14
139.0 38.36984 14
139.1 38.37216 14
139.2 38.37447 14
139.3 38.37678 14
139.4 38.37909 14
139.5 38.38139 14
139.6 38.38368 14
139.7 38.38597 14
139.8 38.38825 14
139.9 38.39053 14
140.0 38.39281 14
140.1 38.39508 14
140.2 38.39734 14
140.3 38.39961 14
140.4 38.40186 14
140.5 38.40411 14
140.6 38.40636 14
140.7 38.40860 14
140.8 38.41084 14
140.9 38.41307 14
141.0 38.41530 14
141.1 38.41752 14
141.2 38.41974 14
141.3 38.42195 14
141.4 38.42416 14
141.5 38.42636 14
141.6 38.42856 14
141.7 38.43076 14
141.8 38.43295 14
141.9 38.43514 14
142.0 38.43732 14
142.1 38.43949 14
142.2 38.44167 14
142.3 38.44383 14
142.4 38.44600 14
142.5 38.44816 14
142.6 38.45031 14
142.7 38.45246 14
142.8 38.45460 14
142.9 38.45674 14
143.0 38.45888 14
143.1 38.46101 14
143.2 38.46314 14
143.3 38.46526 14
143.4 38.46738 14
143.5 38.46949 14
143.6 38.47160 14
143.7 38.47371 14
143.8 38.47581 14
143.9 38.47791 14
144.0 38.48000 14
144.1 38.48209 14
144.2 38.48417 14
144.3 38.48625 14
144.4 38.48832 14
144.5 38.49039 14
144.6 38.49246 14
144.7 38.49452 14
144.8 38.49658 14
144.9 38.49863 14
145.0 38.50068 14
145.1 38.50273 14
145.2 38.50477 14
145.3 38.50680 14
145.4 38.50884 14
145.5 38.51087 14
145.6 38.51289 14
145.7 38.51491 14
145.8 38.51692 14
145.9 38.51894 14
146.0 38.52094 14
146.1 38.52295 14
146.2 38.52495 14
146.3 38.52694 14
146.4 38.52893 14
146.5 38.53092 14
146.6 38.53290 14
146.7 38.53488 14
146.8 38.53685 14
146.9 38.53882 14
147.0 38.54079 14
147.1 38.54275 14
147.2 38.54471 14
147.3 38.54666 14
147.4 38.54862 14
147.5 38.55056 14
147.6 38.55250 14
147.7 38.55444 14
147.8 38.55638 14
147.9 38.55831 14
148.0 38.56023 14
148.1 38.56216 14
148.2 38.56407 14
148.3 38.56599 14
148.4 38.56790 14
148.5 38.56981 14
148.6 38.57171 14
148.7 38.57361 14
148.8 38.57550 14
148.9 38.57740 14
149.0 38.57928 14
149.1 38.58117 14
149.2 38.58305 14
149.3 38.58492 14
149.4 38.58680 14
149.5 38.58866 14
149.6 38.59053 14
149.7 38.59239 14
149.8 38.59425 14
149.9 38.59610 14
