15.0 1.65292 13
15.1 1.66555 13
15.2 1.67819 13
15.3 1.79546 13
15.4 1.82626 13
15.5 1.85792 13
15.6 1.88978 13
15.7 1.92110 13
15.8 1.95333 13
15.9 1.98495 13
16.0 2.01752 13
16.1 2.04941 13
16.2 2.08228 13
16.3 2.11441 13
16.4 2.14756 13
16.5 2.17992 13
16.6 2.21244 13
16.7 2.24509 13
16.8 2.27884 13
16.9 2.31167 13
17.0 2.34458 13
17.1 2.37910 13
17.2 2.41215 13
17.3 2.44527 13
17.4 2.47842 13
17.5 2.48473 14
17.6 2.53055 14
17.7 2.57658 14
17.8 2.62279 14
17.9 2.66919 14
18.0 2.71577 14
18.1 2.76249 14
18.2 2.80938 14
18.3 2.85439 14
18.4 2.90150 14
18.5 2.94873 14
18.6 2.99603 14
18.7 3.04125 14
18.8 3.08865 14
18.9 3.13652 14
19.0 3.20259 14
19.1 3.26985 14
19.2 3.33655 14
19.3 3.40027 14
19.4 3.46808 14
19.5 3.53621 14
19.6 3.60092 14
19.7 3.66948 14
19.8 3.73441 14
19.9 3.80328 14
20.0 3.86827 14
20.1 3.93720 14
20.2 4.00204 14
20.3 4.07081 14
20.4 4.13518 14
20.5 4.20505 14
20.6 4.27071 14
20.7 4.34061 14
20.8 4.40582 14
20.9 4.47528 14
21.0 4.53972 14
21.1 4.60364 14
21.2 4.67152 14
21.3 4.74183 14
21.4 4.81171 14
21.5 4.94219 14
21.6 5.00527 14
21.7 5.07250 14
21.8 5.13390 14
21.9 5.18702 14
22.0 5.21208 14
22.1 5.23529 14
22.2 5.25755 14
22.3 5.28052 14
22.4 5.30038 14
22.5 5.31881 14
22.6 5.33586 14
22.7 5.35831 14
22.8 5.37787 14
22.9 5.39628 14
23.0 5.41346 14
23.1 5.43059 14
23.2 5.43527 14
23.3 5.42935 14
23.4 5.36441 14
23.5 5.31624 14
23.6 5.21946 14
23.7 5.12274 14
23.8 5.05315 14
23.9 4.92875 14
24.0 4.87938 14
24.1 4.77071 14
24.2 4.68633 14
24.3 4.71579 14
24.4 4.75650 14
24.5 4.82203 14
24.6 4.85364 14
24.7 4.89109 14
24.8 4.92921 14
24.9 4.97438 14
25.0 5.01967 14
25.1 5.07844 14
25.2 5.12034 14
25.3 5.16671 14
25.4 5.21265 14
25.5 5.25985 14
25.6 5.31342 14
25.7 5.36083 14
25.8 5.41383 14
25.9 5.46376 14
26.0 5.51420 14
26.1 5.56540 14
26.2 5.61716 14
26.3 5.67541 14
26.4 5.72637 14
26.5 5.77705 14
26.6 5.81556 14
26.7 5.86415 14
26.8 5.91465 14
26.9 5.96657 14
27.0 6.01825 14
27.1 5.54270 14
27.2 5.55626 14
27.3 5.57044 14
27.4 5.85637 14
27.5 5.71805 14
27.6 5.70909 14
27.7 5.69852 14
27.8 5.70319 14
27.9 5.71786 14
28.0 5.74609 14
28.1 5.78231 14
28.2 5.82043 14
28.3 5.84609 14
28.4 5.86557 14
28.5 5.88056 14
28.6 5.89298 14
28.7 5.90409 14
28.8 5.91455 14
28.9 5.92466 14
29.0 5.93457 14
29.1 5.94425 14
29.2 5.95369 14
29.3 5.96478 14
29.4 5.97617 14
29.5 5.99419 14
29.6 6.01252 14
29.7 6.03090 14
29.8 6.04930 14
29.9 6.06773 14
30.0 6.09006 14
30.1 6.10864 14
30.2 6.12729 14
30.3 6.14601 14
30.4 6.16481 14
30.5 6.18304 14
30.6 6.20344 14
30.7 6.22473 14
30.8 6.24613 14
30.9 6.26766 14
31.0 6.28932 14
31.1 6.31116 14
31.2 6.33319 14
31.3 6.35543 14
31.4 6.37794 14
31.5 6.40074 14
31.6 6.42400 14
31.7 6.44792 14
31.8 6.47237 14
31.9 6.49744 14
32.0 6.52323 14
32.1 6.54988 14
32.2 6.57757 14
32.3 6.60647 14
32.4 6.63686 14
32.5 6.66598 14
32.6 6.60967 14
32.7 6.62344 14
32.8 6.63762 14
32.9 6.65223 14
33.0 6.66732 14
33.1 6.68289 14
33.2 6.69897 14
33.3 6.87365 14
33.4 6.87060 14
33.5 6.86034 14
33.6 6.83714 14
33.7 6.83847 14
33.8 6.84813 14
33.9 6.87104 14
34.0 6.90586 14
34.1 6.95709 14
34.2 6.98759 14
34.3 7.01015 14
34.4 7.02672 14
34.5 7.03974 14
34.6 7.05094 14
34.7 7.06127 14
34.8 7.07116 14
34.9 7.08081 14
35.0 7.09031 14
35.1 7.09970 14
35.2 7.10899 14
35.3 7.11820 14
35.4 7.12743 14
35.5 7.14601 14
35.6 7.16473 14
35.7 7.18361 14
35.8 7.20269 14
35.9 7.22199 14
36.0 7.24156 14
36.1 7.26223 14
36.2 7.28424 14
36.3 7.30654 14
36.4 7.32140 14
36.5 7.34421 14
36.6 7.36746 14
36.7 7.39121 14
36.8 7.41558 14
36.9 7.44068 14
37.0 7.46669 14
37.1 7.49382 14
37.2 7.52230 14
37.3 7.55248 14
37.4 7.58479 14
37.5 7.61981 14
37.6 7.56274 14
37.7 7.57398 14
37.8 7.58120 14
37.9 7.59367 14
38.0 7.60698 14
38.1 7.62115 14
38.2 7.81315 14
38.3 7.79946 14
38.4 7.75643 14
38.5 7.74858 14
38.6 7.75529 14
38.7 7.77997 14
38.8 7.82433 14
38.9 7.87994 14
39.0 7.90663 14
39.1 7.92295 14
39.2 7.93341 14
39.3 7.94123 14
39.4 7.94796 14
39.5 7.95424 14
39.6 7.96032 14
39.7 7.96620 14
39.8 7.97208 14
39.9 7.97785 14
40.0 7.98438 14
40.1 8.00236 14
40.2 8.02056 14
40.3 8.03900 14
40.4 8.04943 14
40.5 8.06830 14
40.6 8.08812 14
40.7 8.10992 14
40.8 8.13206 14
40.9 8.15460 14
41.0 8.17761 14
41.1 8.20119 14
41.2 8.22547 14
41.3 8.25059 14
41.4 8.27677 14
41.5 8.30423 14
41.6 8.33336 14
41.7 8.36450 14
41.8 8.39827 14
41.9 8.43542 14
42.0 8.36928 14
42.1 8.37424 14
42.2 8.38463 14
42.3 8.39604 14
42.4 8.40849 14
42.5 8.42200 14
42.6 8.60931 14
42.7 8.59055 14
42.8 8.54320 14
42.9 8.54016 14
43.0 8.56024 14
43.1 8.60240 14
43.2 8.66958 14
43.3 8.69826 14
43.4 8.71382 14
43.5 8.72219 14
43.6 8.72748 14
43.7 8.72948 14
43.8 8.73332 14
43.9 8.73686 14
44.0 8.74026 14
44.1 8.74359 14
44.2 8.74686 14
44.3 8.75010 14
44.4 8.76416 14
44.5 8.78169 14
44.6 8.79950 14
44.7 8.81763 14
44.8 8.83615 14
44.9 8.85749 14
45.0 8.87920 14
45.1 8.84632 14
45.2 8.77714 14
45.3 8.77832 14
45.4 8.78075 14
45.5 8.78117 14
45.6 8.73472 14
45.7 8.63570 14
45.8 8.66455 14
45.9 8.52809 14
46.0 8.51177 14
46.1 8.43604 14
46.2 8.40008 14
46.3 8.38346 14
46.4 8.34555 14
46.5 8.30617 14
46.6 8.28751 14
46.7 8.26838 14
46.8 8.25876 14
46.9 8.25573 14
47.0 8.25854 14
47.1 8.26109 14
47.2 8.26220 14
47.3 8.25396 14
47.4 8.19314 14
47.5 8.13466 14
47.6 8.17327 14
47.7 8.04550 14
47.8 8.03216 14
47.9 8.03391 14
48.0 7.96897 14
48.1 7.93872 14
48.2 7.93842 14
48.3 7.91731 14
48.4 7.88478 14
48.5 7.88361 14
48.6 7.84941 14
48.7 7.84766 14
48.8 7.81657 14
48.9 7.81875 14
49.0 7.82152 14
49.1 7.79980 14
49.2 7.74987 14
49.3 7.84036 14
49.4 7.85539 14
49.5 7.86049 14
49.6 7.86545 14
49.7 7.86595 14
49.8 7.87075 14
49.9 7.89756 14
50.0 7.93055 14
50.1 7.96363 14
50.2 7.99679 14
50.3 8.03012 14
50.4 8.06343 14
50.5 8.09683 14
50.6 8.15262 14
50.7 8.31831 14
50.8 8.25517 14
50.9 8.30699 14
51.0 8.38884 14
51.1 8.40350 14
51.2 8.40497 14
51.3 8.40891 14
51.4 8.41217 14
51.5 8.41622 14
51.6 8.43713 14
51.7 8.47110 14
51.8 8.50530 14
51.9 8.53967 14
52.0 8.57403 14
52.1 8.60847 14
52.2 8.64299 14
52.3 8.71000 14
52.4 8.73108 14
52.5 8.85945 14
52.6 8.84462 14
52.7 8.84815 14
52.8 8.95301 14
52.9 8.99042 14
53.0 8.99802 14
53.1 9.00093 14
53.2 9.00330 14
53.3 9.00650 14
53.4 9.02790 14
53.5 9.06256 14
53.6 9.09798 14
53.7 9.13358 14
53.8 9.16915 14
53.9 9.20482 14
54.0 9.20930 14
54.1 9.24487 14
54.2 9.31967 14
54.3 9.34000 14
54.4 9.53602 14
54.5 9.45699 14
54.6 9.50604 14
54.7 9.61367 14
54.8 9.63513 14
54.9 9.63918 14
55.0 9.64185 14
55.1 9.64321 14
55.2 9.64451 14
55.3 9.67140 14
55.4 9.70810 14
55.5 9.71060 14
55.6 9.74713 14
55.7 9.78373 14
55.8 9.82053 14
55.9 9.85730 14
56.0 9.89414 14
56.1 9.93106 14
56.2 9.99837 14
56.3 10.24138 14
56.4 10.14249 14
56.5 10.15100 14
56.6 10.26888 14
56.7 10.32268 14
56.8 10.33169 14
56.9 10.33174 14
57.0 10.33418 14
57.1 10.33463 14
57.2 10.33491 14
57.3 10.34127 14
57.4 10.37267 14
57.5 10.41040 14
57.6 10.44833 14
57.7 10.48621 14
57.8 10.52420 14
57.9 10.56236 14
58.0 10.60049 14
58.1 10.59407 14
58.2 10.63209 14
58.3 10.70999 14
58.4 10.70903 14
58.5 10.73063 14
58.6 10.95677 14
58.7 10.86653 14
58.8 10.91188 14
58.9 11.04771 14
59.0 11.08072 14
59.1 11.08591 14
59.2 11.08593 14
59.3 11.08628 14
59.4 11.08541 14
59.5 11.09002 14
59.6 11.12201 14
59.7 11.16090 14
59.8 11.19987 14
59.9 11.19558 14
60.0 11.23457 14
60.1 11.27352 14
60.2 11.31252 14
60.3 11.35175 14
60.4 11.39092 14
60.5 11.43017 14
60.6 11.50229 14
60.7 11.79797 14
60.8 11.68372 14
60.9 11.67068 14
61.0 11.76142 14
61.1 11.88238 14
61.2 11.90200 14
61.3 11.90346 14
61.4 11.90337 14
61.5 11.90321 14
61.6 11.90125 14
61.7 11.89914 14
61.8 11.89979 14
61.9 11.93216 14
62.0 11.97141 14
62.1 12.01159 14
62.2 12.05186 14
62.3 12.09234 14
62.4 12.13276 14
62.5 12.17320 14
62.6 12.21387 14
62.7 12.25448 14
62.8 12.29531 14
62.9 12.28550 14
63.0 12.35667 14
63.1 12.67038 14
63.2 12.53939 14
63.3 12.53840 14
63.4 12.63566 14
63.5 12.77044 14
63.6 12.79152 14
63.7 12.79370 14
63.8 12.79107 14
63.9 12.78899 14
64.0 12.78555 14
64.1 12.78209 14
64.2 12.81263 14
64.3 12.85108 14
64.4 12.83823 14
64.5 12.87976 14
64.6 12.92123 14
64.7 12.96275 14
64.8 13.00451 14
64.9 13.04617 14
65.0 13.08808 14
65.1 13.12991 14
65.2 13.17182 14
65.3 13.21396 14
65.4 13.28515 14
65.5 13.62391 14
65.6 13.47580 14
65.7 13.48103 14
65.8 13.58331 14
65.9 13.73635 14
66.0 13.71205 14
66.1 13.75621 14
66.2 13.76297 14
66.3 13.76143 14
66.4 13.75710 14
66.5 13.75359 14
66.6 13.74870 14
66.7 13.74824 14
66.8 13.78365 14
66.9 13.82407 14
67.0 13.86711 14
67.1 13.91008 14
67.2 13.95324 14
67.3 13.99635 14
67.4 14.01716 14
67.5 14.00842 14
67.6 14.02764 14
67.7 14.04687 14
67.8 14.06617 14
67.9 14.08540 14
68.0 14.12300 14
68.1 14.13447 14
68.2 14.26855 14
68.3 14.21719 14
68.4 14.23097 14
68.5 14.28954 14
68.6 14.35219 14
68.7 14.36139 14
68.8 14.36122 14
68.9 14.35953 14
69.0 14.35683 14
69.1 14.35799 14
69.2 14.35584 14
69.3 14.35305 14
69.4 14.35085 14
69.5 14.36146 14
69.6 14.37798 14
69.7 14.39709 14
69.8 14.41628 14
69.9 14.43541 14
70.0 14.45454 14
70.1 14.47375 14
70.2 14.49288 14
70.3 14.51209 14
70.4 14.53123 14
70.5 14.55044 14
70.6 14.56959 14
70.7 14.60396 14
70.8 14.57690 14
70.9 14.60808 14
71.0 14.78237 14
71.1 14.70597 14
71.2 14.70207 14
71.3 14.73739 14
71.4 14.70346 14
71.5 14.74167 14
71.6 14.83187 14
71.7 14.85090 14
71.8 14.85422 14
71.9 14.85235 14
72.0 14.84929 14
72.1 14.84651 14
72.2 14.84323 14
72.3 14.84034 14
72.4 14.84229 14
72.5 14.83953 14
72.6 14.84803 14
72.7 14.86391 14
72.8 14.88249 14
72.9 14.90141 14
73.0 14.92029 14
73.1 14.93923 14
73.2 14.95809 14
73.3 14.97704 14
73.4 14.99589 14
73.5 15.01472 14
73.6 15.03360 14
73.7 15.05243 14
73.8 15.07136 14
73.9 15.10480 14
74.0 15.30589 14
74.1 15.10718 14
74.2 15.30201 14
74.3 15.22639 14
74.4 15.20464 14
74.5 15.22523 14
74.6 15.28672 14
74.7 15.36039 14
74.8 15.37114 14
74.9 15.37114 14
75.0 15.36872 14
75.1 15.36501 14
75.2 15.36173 14
75.3 15.35780 14
75.4 15.35446 14
75.5 15.35626 14
75.6 15.37218 14
75.7 15.38923 14
75.8 15.37397 14
75.9 15.39126 14
76.0 15.40999 14
76.1 15.42865 14
76.2 15.44737 14
76.3 15.46603 14
76.4 15.48477 14
76.5 15.50343 14
76.6 15.52218 14
76.7 15.54084 14
76.8 15.55959 14
76.9 15.57826 14
77.0 15.59701 14
77.1 15.63080 14
77.2 15.64259 14
77.3 15.79664 14
77.4 15.74039 14
77.5 15.74354 14
77.6 15.74021 14
77.7 15.74366 14
77.8 15.78032 14
77.9 15.87280 14
78.0 15.91167 14
78.1 15.91732 14
78.2 15.91619 14
78.3 15.91234 14
78.4 15.90871 14
78.5 15.90425 14
78.6 15.90023 14
78.7 15.89573 14
78.8 15.89468 14
78.9 15.91041 14
79.0 15.92656 14
79.1 15.94511 14
79.2 15.96373 14
79.3 15.94358 14
79.4 15.96201 14
79.5 15.98054 14
79.6 15.99898 14
79.7 16.01751 14
79.8 16.03595 14
79.9 16.05448 14
80.0 16.07290 14
80.1 16.09144 14
80.2 16.10988 14
80.3 16.12841 14
80.4 16.14687 14
80.5 16.16541 14
80.6 16.19344 14
80.7 16.40750 14
80.8 16.31708 14
80.9 16.29840 14
81.0 16.31650 14
81.1 16.36916 14
81.2 16.31061 14
81.3 16.35438 14
81.4 16.45581 14
81.5 16.48804 14
81.6 16.49343 14
81.7 16.49140 14
81.8 16.48779 14
81.9 16.48295 14
82.0 16.47858 14
82.1 16.47416 14
82.2 16.46904 14
82.3 16.46468 14
82.4 16.47323 14
82.5 16.48903 14
82.6 16.50580 14
82.7 16.52420 14
82.8 16.54253 14
82.9 16.56094 14
83.0 16.53682 14
83.1 16.55512 14
83.2 16.57342 14
83.3 16.59163 14
83.4 16.60993 14
83.5 16.62814 14
83.6 16.64644 14
83.7 16.66465 14
83.8 16.68296 14
83.9 16.70115 14
84.0 16.71946 14
84.1 16.73776 14
84.2 16.75597 14
84.3 16.78186 14
84.4 17.00549 14
84.5 16.90909 14
84.6 16.89047 14
84.7 16.90743 14
84.8 16.95520 14
84.9 16.89686 14
85.0 16.92931 14
85.1 17.00306 14
85.2 17.08866 14
85.3 17.10041 14
85.4 17.10120 14
85.5 17.09743 14
85.6 17.09299 14
85.7 17.08817 14
85.8 17.08260 14
85.9 17.07763 14
86.0 17.07201 14
86.1 17.06706 14
86.2 17.07409 14
86.3 17.08991 14
86.4 17.10595 14
86.5 17.12405 14
86.6 17.14225 14
86.7 17.16036 14
86.8 17.17857 14
86.9 17.15029 14
87.0 17.16829 14
87.1 17.18638 14
87.2 17.20438 14
87.3 17.22246 14
87.4 17.24048 14
87.5 17.25856 14
87.6 17.27666 14
87.7 17.29466 14
87.8 17.31270 14
87.9 17.33067 14
88.0 17.34870 14
88.1 17.36677 14
88.2 17.39476 14
88.3 17.65758 14
88.4 17.59023 14
88.5 17.52575 14
88.6 17.51792 14
88.7 17.53951 14
88.8 17.59004 14
88.9 17.52196 14
89.0 17.55114 14
89.1 17.61503 14
89.2 17.72545 14
89.3 17.74253 14
89.4 17.74552 14
89.5 17.74291 14
89.6 17.73777 14
89.7 17.73257 14
89.8 17.72716 14
89.9 17.72104 14
90.0 17.71555 14
90.1 17.70942 14
90.2 17.70392 14
90.3 17.71176 14
90.4 17.72735 14
90.5 17.74310 14
90.6 17.76065 14
90.7 17.77859 14
90.8 17.79652 14
90.9 17.76376 14
91.0 17.78158 14
91.1 17.79929 14
91.2 17.81711 14
91.3 17.83495 14
91.4 17.85267 14
91.5 17.87050 14
91.6 17.88823 14
91.7 17.90606 14
91.8 17.92389 14
91.9 17.94162 14
92.0 17.95945 14
92.1 17.97727 14
92.2 17.99500 14
92.3 18.01281 14
92.4 18.03055 14
92.5 18.05448 14
92.6 18.31864 14
92.7 18.02071 14
92.8 18.03831 14
92.9 18.05955 14
93.0 18.02119 14
93.1 18.03864 14
93.2 18.05970 14
93.3 18.29646 14
93.4 18.20388 14
93.5 18.18044 14
93.6 18.18784 14
93.7 18.21752 14
93.8 18.27806 14
93.9 18.39288 14
94.0 18.41058 14
94.1 18.41472 14
94.2 18.41274 14
94.3 18.40848 14
94.4 18.40271 14
94.5 18.39723 14
94.6 18.39104 14
94.7 18.38543 14
94.8 18.37981 14
94.9 18.37359 14
95.0 18.36798 14
95.1 18.37588 14
95.2 18.37432 14
95.3 18.36876 14
95.4 18.37388 14
95.5 18.38829 14
95.6 18.40285 14
95.7 18.41808 14
95.8 18.43447 14
95.9 18.45089 14
96.0 18.46720 14
96.1 18.48362 14
96.2 18.50003 14
96.3 18.51633 14
96.4 18.53274 14
96.5 18.54905 14
96.6 18.56544 14
96.7 18.58185 14
96.8 18.59814 14
96.9 18.61453 14
97.0 18.63093 14
97.1 18.64718 14
97.2 18.66356 14
97.3 18.67985 14
97.4 18.64241 14
97.5 18.65864 14
97.6 18.67490 14
97.7 18.69106 14
97.8 18.70732 14
97.9 18.72407 14
98.0 18.95588 14
98.1 18.86850 14
98.2 18.84332 14
98.3 18.84858 14
98.4 18.87377 14
98.5 18.92393 14
98.6 19.01778 14
98.7 19.08781 14
98.8 19.09654 14
98.9 19.09691 14
99.0 19.09279 14
99.1 19.08766 14
99.2 19.08194 14
99.3 19.07539 14
99.4 19.06937 14
99.5 19.06332 14
99.6 19.05666 14
99.7 19.07219 14
99.8 19.06619 14
99.9 19.05958 14
100.0 19.05357 14
100.1 19.04758 14
100.2 19.04099 14
100.3 19.05362 14
100.4 19.06802 14
100.5 19.08222 14
100.6 19.09738 14
100.7 19.11344 14
100.8 19.12941 14
100.9 19.14547 14
101.0 19.16153 14
101.1 19.17749 14
101.2 19.19355 14
101.3 19.20960 14
101.4 19.22555 14
101.5 19.24160 14
101.6 19.25764 14
101.7 19.27358 14
101.8 19.28958 14
101.9 19.30552 14
102.0 19.26321 14
102.1 19.27912 14
102.2 19.29500 14
102.3 19.31081 14
102.4 19.32671 14
102.5 19.34261 14
102.6 19.35842 14
102.7 19.37432 14
102.8 19.39021 14
102.9 19.40601 14
103.0 19.71362 14
103.1 19.65853 14
103.2 19.57179 14
103.3 19.54580 14
103.4 19.54776 14
103.5 19.56846 14
103.6 19.60937 14
103.7 19.68205 14
103.8 19.80131 14
103.9 19.81677 14
104.0 19.82101 14
104.1 19.81870 14
104.2 19.81413 14
104.3 19.80843 14
104.4 19.82103 14
104.5 19.81812 14
104.6 19.81336 14
104.7 19.80760 14
104.8 19.80082 14
104.9 19.79450 14
105.0 19.78812 14
105.1 19.78110 14
105.2 19.77470 14
105.3 19.76830 14
105.4 19.76104 14
105.5 19.75525 14
105.6 19.76946 14
105.7 19.78353 14
105.8 19.79774 14
105.9 19.81216 14
106.0 19.82775 14
106.1 19.84344 14
106.2 19.85912 14
106.3 19.87470 14
106.4 19.89039 14
106.5 19.90606 14
106.6 19.92163 14
106.7 19.93730 14
106.8 19.95293 14
106.9 19.90537 14
107.0 19.92081 14
107.1 19.93635 14
107.2 19.95185 14
107.3 19.96728 14
107.4 19.98281 14
107.5 19.99834 14
107.6 20.01377 14
107.7 20.02929 14
107.8 20.04480 14
107.9 19.87993 14
108.0 19.89546 14
108.1 19.91205 14
108.2 19.92756 14
108.3 19.94304 14
108.4 19.95987 14
108.5 19.97538 14
108.6 19.99088 14
108.7 20.00779 14
108.8 20.02330 14
108.9 20.03879 14
109.0 19.87540 14
109.1 19.89092 14
109.2 19.90759 14
109.3 19.92449 14
109.4 19.87144 14
109.5 19.88682 14
109.6 19.90336 14
109.7 19.92014 14
109.8 19.93550 14
109.9 19.95225 14
110.0 19.96902 14
110.1 19.98438 14
110.2 20.00125 14
110.3 20.01801 14
110.4 20.03337 14
110.5 19.86983 14
110.6 19.88670 14
110.7 19.90324 14
110.8 19.92000 14
110.9 19.93688 14
111.0 19.95362 14
111.1 19.97038 14
111.2 19.98725 14
111.3 20.00411 14
111.4 20.02087 14
111.5 20.03774 14
111.6 19.87419 14
111.7 19.89107 14
111.8 19.90902 14
111.9 19.92588 14
112.0 20.04570 14
112.1 19.88203 14
112.2 19.90146 14
112.3 19.91658 14
112.4 19.93482 14
112.5 19.95295 14
112.6 19.96958 14
112.7 19.98631 14
112.8 20.00446 14
112.9 20.02119 14
113.0 20.03946 14
113.1 19.87578 14
113.2 19.89253 14
113.3 19.91187 14
113.4 19.92860 14
113.5 19.94837 14
113.6 19.96491 14
113.7 19.98316 14
113.8 20.00295 14
113.9 20.01959 14
114.0 20.03940 14
114.1 19.87573 14
114.2 19.89249 14
114.3 19.91338 14
114.4 19.93012 14
114.5 19.95286 14
114.6 19.96951 14
114.7 19.90248 14
114.8 19.91748 14
114.9 19.93560 14
115.0 19.95658 14
115.1 19.97319 14
115.2 19.99442 14
115.3 20.01092 14
115.4 20.03059 14
115.5 19.86836 14
115.6 19.88804 14
115.7 19.90882 14
115.8 19.92544 14
115.9 19.94819 14
116.0 19.96462 14
116.1 19.98586 14
116.2 20.00545 14
116.3 20.02517 14
116.4 20.04489 14
116.5 19.88267 14
116.6 19.90664 14
116.7 19.92474 14
116.8 19.94751 14
116.9 19.96552 14
117.0 19.99139 14
117.1 20.00795 14
117.2 20.03078 14
117.3 19.87165 14
117.4 19.89144 14
117.5 19.99170 14
117.6 20.00812 14
117.7 20.03081 14
117.8 19.87154 14
117.9 19.89118 14
118.0 19.91343 14
118.1 19.93458 14
118.2 19.95860 14
118.3 19.97670 14
118.4 20.00248 14
118.5 20.02357 14
118.6 20.04476 14
118.7 19.88864 14
118.8 19.91247 14
118.9 19.93215 14
119.0 19.95927 14
119.1 19.97896 14
119.2 20.00622 14
119.3 20.03207 14
119.4 19.87444 14
119.5 19.89879 14
119.6 19.92420 14
119.7 19.95455 14
119.8 19.97420 14
119.9 19.99858 14
120.0 20.02282 14
120.1 20.04566 14
120.2 19.89118 14
120.3 19.97203 14
120.4 19.99627 14
120.5 20.01577 14
120.6 20.04306 14
120.7 19.88843 14
120.8 19.91377 14
120.9 19.93816 14
121.0 19.96221 14
121.1 19.98802 14
121.2 20.00911 14
121.3 20.03800 14
121.4 19.88036 14
121.5 19.90430 14
121.6 19.97937 14
121.7 20.00646 14
121.8 20.03214 14
121.9 19.87434 14
122.0 19.89851 14
122.1 19.92376 14
122.2 19.95272 14
122.3 19.97374 14
122.4 19.99795 14
122.5 20.02048 14
122.6 20.04469 14
122.7 19.89003 14
122.8 19.96800 14
122.9 19.99512 14
123.0 20.01445 14
123.1 20.04158 14
123.2 19.88371 14
123.3 19.91195 14
123.4 19.93328 14
123.5 19.96038 14
123.6 19.97987 14
123.7 20.00693 14
123.8 20.03259 14
123.9 19.87476 14
124.0 19.89890 14
124.1 19.97688 14
124.2 20.00390 14
124.3 20.02626 14
124.4 20.04715 14
124.5 19.89228 14
124.6 19.91891 14
124.7 19.94504 14
124.8 19.96580 14
124.9 19.99443 14
125.0 20.01374 14
125.1 20.04083 14
125.2 19.88294 14
125.3 19.96215 14
125.4 19.98498 14
125.5 20.00877 14
125.6 20.03726 14
125.7 19.87614 14
125.8 19.90006 14
125.9 19.92505 14
126.0 19.95583 14
126.1 19.97505 14
126.2 19.99901 14
126.3 20.02128 14
126.4 20.04524 14
126.5 19.89033 14
126.6 19.96685 14
126.7 19.99544 14
126.8 20.01452 14
126.9 20.04139 14
127.0 19.88327 14
127.1 19.90970 14
127.2 19.93048 14
127.3 19.95971 14
127.4 19.97895 14
127.5 20.00576 14
127.6 20.02811 14
127.7 19.86848 14
127.8 19.89390 14
127.9 19.97525 14
128.0 19.99899 14
128.1 20.02104 14
128.2 20.04477 14
128.3 19.88964 14
128.4 19.91448 14
128.5 19.93870 14
128.6 19.96296 14
128.7 19.98211 14
128.8 20.00884 14
128.9 20.03416 14
129.0 19.87599 14
129.1 19.89980 14
129.2 19.97816 14
129.3 20.00475 14
129.4 20.02533 14
129.5 20.04745 14
129.6 19.89222 14
129.7 19.91852 14
129.8 19.94279 14
129.9 19.96549 14
130.0 19.99377 14
130.1 20.01275 14
130.2 20.03951 14
130.3 19.88127 14
130.4 19.90462 14
130.5 19.98017 14
130.6 20.00687 14
130.7 20.02891 14
130.8 19.86898 14
130.9 19.89410 14
131.0 19.92032 14
131.1 19.94621 14
131.2 19.96732 14
131.3 19.99553 14
131.4 20.01442 14
131.5 20.04109 14
131.6 19.88277 14
131.7 19.90604 14
131.8 19.98168 14
131.9 20.00831 14
132.0 20.03333 14
132.1 19.87330 14
132.2 19.89529 14
132.3 19.92293 14
132.4 19.94877 14
132.5 19.97306 14
132.6 19.99660 14
132.7 20.01540 14
132.8 20.04199 14
132.9 19.88359 14
133.0 19.96214 14
133.1 19.98233 14
133.2 20.00908 14
133.3 20.03401 14
133.4 19.87391 14
133.5 19.89581 14
133.6 19.92337 14
133.7 19.94931 14
133.8 19.97354 14
133.9 19.99700 14
134.0 20.01572 14
134.1 20.04223 14
134.2 19.88374 14
134.3 19.96221 14
134.4 19.98232 14
134.5 20.00920 14
134.6 20.03405 14
134.7 19.87386 14
134.8 19.89568 14
134.9 19.92316 14
135.0 19.94884 14
135.1 19.97296 14
135.2 19.99676 14
135.3 20.01540 14
135.4 20.04182 14
135.5 19.88325 14
135.6 19.90628 14
135.7 19.98148 14
135.8 20.00868 14
135.9 20.03346 14
136.0 19.87168 14
136.1 19.89492 14
136.2 19.92082 14
136.3 19.94638 14
136.4 19.96736 14
136.5 19.99589 14
136.6 20.01445 14
136.7 20.04079 14
136.8 19.88214 14
136.9 19.90508 14
137.0 19.98021 14
137.1 20.00713 14
137.2 20.02919 14
137.3 19.86885 14
137.4 19.89356 14
137.5 19.91937 14
137.6 19.94314 14
137.7 19.96575 14
137.8 19.99442 14
137.9 20.01135 14
138.0 20.03916 14
138.1 19.87734 14
138.2 19.90057 14
138.3 19.97817 14
138.4 20.00518 14
138.5 20.02585 14
138.6 20.04739 14
138.7 19.89159 14
138.8 19.91578 14
138.9 19.93763 14
139.0 19.96334 14
139.1 19.98268 14
139.2 20.00921 14
139.3 20.03387 14
139.4 19.87044 14
139.5 19.89512 14
139.6 19.97554 14
139.7 19.99952 14
139.8 20.01865 14
139.9 20.04494 14
140.0 19.88599 14
140.1 19.91161 14
140.2 19.93157 14
140.3 19.96036 14
140.4 19.97961 14
140.5 20.00651 14
140.6 20.02649 14
140.7 20.04800 14
140.8 19.89217 14
140.9 19.96778 14
141.0 19.99624 14
141.1 20.01527 14
141.2 20.04194 14
141.3 19.88291 14
141.4 19.90547 14
141.5 19.92678 14
141.6 19.95521 14
141.7 19.97598 14
141.8 19.99984 14
141.9 20.01855 14
142.0 20.04458 14
142.1 19.88560 14
142.2 19.96373 14
142.3 19.98319 14
142.4 20.00981 14
142.5 20.03509 14
142.6 19.87466 14
142.7 19.89600 14
142.8 19.92149 14
142.9 19.94666 14
143.0 19.96724 14
143.1 19.99559 14
143.2 20.01445 14
143.3 20.04064 14
143.4 19.87850 14
143.5 19.90141 14
143.6 19.97868 14
143.7 20.00538 14
143.8 20.02573 14
143.9 20.04791 14
144.0 19.89179 14
144.1 19.91565 14
144.2 19.93567 14
144.3 19.96238 14
144.4 19.98138 14
144.5 20.00805 14
144.6 20.03007 14
144.7 19.86937 14
144.8 19.89373 14
144.9 19.97063 14
145.0 19.99731 14
145.1 20.01611 14
145.2 20.04278 14
145.3 19.88401 14
145.4 19.90634 14
145.5 19.92741 14
145.6 19.95418 14
145.7 19.97614 14
145.8 19.99977 14
145.9 20.01849 14
146.0 20.04478 14
146.1 19.88556 14
146.2 19.96331 14
146.3 19.98250 14
146.4 20.00907 14
146.5 20.03083 14
146.6 19.87090 14
146.7 19.89531 14
146.8 19.92057 14
146.9 19.94225 14
147.0 19.96564 14
147.1 19.98451 14
147.2 20.01104 14
147.3 20.03597 14
147.4 19.87538 14
147.5 19.89653 14
147.6 19.97647 14
147.7 19.99998 14
147.8 20.01864 14
147.9 20.04493 14
148.0 19.88626 14
148.1 19.91168 14
148.2 19.92962 14
148.3 19.95930 14
148.4 19.97804 14
148.5 20.00152 14
148.6 20.02313 14
148.7 20.04674 14
148.8 19.88738 14
148.9 19.96510 14
149.0 19.98417 14
149.1 20.01040 14
149.2 20.03506 14
149.3 19.87497 14
149.4 19.89670 14
149.5 19.92181 14
149.6 19.94488 14
149.7 19.96658 14
149.8 19.99144 14
149.9 20.01167 14
