15.0 1.59840 13
15.1 1.61088 13
15.2 1.62305 13
15.3 1.63559 13
15.4 1.64780 13
15.5 1.66041 13
15.6 1.67266 13
15.7 1.68493 13
15.8 1.78041 13
15.9 1.79056 13
16.0 1.80082 13
16.1 1.81183 13
16.2 1.82217 13
16.3 1.83383 13
16.4 1.84471 13
16.5 1.85733 13
16.6 1.86859 13
16.7 1.88068 13
16.8 1.89345 13
16.9 1.90636 13
17.0 1.91913 13
17.1 1.93283 13
17.2 1.94596 13
17.3 1.95930 13
17.4 1.97384 13
17.5 1.98771 13
17.6 2.00208 13
17.7 2.01732 13
17.8 2.03220 13
17.9 2.04719 13
18.0 2.06258 13
18.1 2.07809 13
18.2 2.09400 13
18.3 2.11000 13
18.4 2.12634 13
18.5 2.14293 13
18.6 2.15979 13
18.7 2.17643 13
18.8 2.19455 13
18.9 2.21225 13
19.0 2.23014 13
19.1 2.24833 13
19.2 2.26753 13
19.3 2.28627 13
19.4 2.30521 13
19.5 2.32439 13
19.6 2.34413 13
19.7 2.36321 13
19.8 2.38313 13
19.9 2.40274 13
20.0 2.42952 13
20.1 2.45700 13
20.2 2.48411 13
20.3 2.48523 14
20.4 2.52502 14
20.5 2.56230 14
20.6 2.60388 14
20.7 2.64320 14
20.8 2.68643 14
20.9 2.72630 14
21.0 2.77133 14
21.1 2.81327 14
21.2 2.85992 14
21.3 2.90271 14
21.4 2.95120 14
21.5 2.99576 14
21.6 3.04094 14
21.7 3.09175 14
21.8 3.13787 14
21.9 2.93734 14
22.0 2.84691 14
22.1 2.85314 14
22.2 2.86055 14
22.3 2.86744 14
22.4 2.87567 14
22.5 2.88335 14
22.6 2.89144 14
22.7 2.90125 14
22.8 2.91043 14
22.9 2.92024 14
23.0 2.93023 14
23.1 2.94057 14
23.2 2.94966 14
23.3 2.95878 14
23.4 2.91463 14
23.5 2.91879 14
23.6 2.92320 14
23.7 2.92787 14
23.8 2.93364 14
23.9 2.93892 14
24.0 2.94451 14
24.1 3.02162 14
24.2 3.00854 14
24.3 2.99751 14
24.4 2.99786 14
24.5 3.00502 14
24.6 3.01848 14
24.7 3.04165 14
24.8 3.05210 14
24.9 3.05924 14
25.0 3.06411 14
25.1 3.06777 14
25.2 3.07088 14
25.3 3.07430 14
25.4 3.07707 14
25.5 3.07980 14
25.6 3.08254 14
25.7 3.08523 14
25.8 3.08840 14
25.9 3.09756 14
26.0 3.10530 14
26.1 3.11317 14
26.2 3.12122 14
26.3 3.12946 14
26.4 3.13826 14
26.5 3.14773 14
26.6 3.15742 14
26.7 3.16970 14
26.8 3.18007 14
26.9 3.19084 14
27.0 3.20210 14
27.1 3.21398 14
27.2 3.22663 14
27.3 3.24028 14
27.4 3.25522 14
27.5 3.27189 14
27.6 3.29007 14
27.7 3.24874 14
27.8 3.25468 14
27.9 3.26007 14
28.0 3.26604 14
28.1 3.35552 14
28.2 3.34274 14
28.3 3.32079 14
28.4 3.32229 14
28.5 3.33624 14
28.6 3.36319 14
28.7 3.37584 14
28.8 3.38255 14
28.9 3.38620 14
29.0 3.38869 14
29.1 3.39081 14
29.2 3.39280 14
29.3 3.39478 14
29.4 3.39670 14
29.5 3.39920 14
29.6 3.40745 14
29.7 3.41849 14
29.8 3.42718 14
29.9 3.43612 14
30.0 3.44619 14
30.1 3.45670 14
30.2 3.46750 14
30.3 3.54508 14
30.4 3.55656 14
30.5 3.56861 14
30.6 3.58139 14
30.7 3.59512 14
30.8 3.61010 14
30.9 3.62678 14
31.0 3.64578 14
31.1 3.66723 14
31.2 3.61668 14
31.3 3.62167 14
31.4 3.62735 14
31.5 3.63370 14
31.6 3.71439 14
31.7 3.68510 14
31.8 3.68506 14
31.9 3.70028 14
32.0 3.73012 14
32.1 3.74257 14
32.2 3.74825 14
32.3 3.75086 14
32.4 3.75242 14
32.5 3.75367 14
32.6 3.75481 14
32.7 3.75589 14
32.8 3.75694 14
32.9 3.76214 14
33.0 3.77045 14
33.1 3.77892 14
33.2 3.78763 14
33.3 3.79715 14
33.4 3.80753 14
33.5 3.81818 14
33.6 3.82916 14
33.7 3.84057 14
33.8 3.85252 14
33.9 3.86518 14
34.0 3.87877 14
34.1 3.89361 14
34.2 3.91014 14
34.3 3.92022 14
34.4 3.94064 14
34.5 3.89898 14
34.6 3.90298 14
34.7 3.90767 14
34.8 3.91313 14
34.9 4.01173 14
35.0 3.97740 14
35.1 3.96550 14
35.2 3.97386 14
35.3 3.99943 14
35.4 4.02243 14
35.5 4.02982 14
35.6 4.03233 14
35.7 4.03307 14
35.8 4.03326 14
35.9 4.03328 14
36.0 4.03323 14
36.1 4.03317 14
36.2 4.03355 14
36.3 4.04124 14
36.4 4.04911 14
36.5 4.05719 14
36.6 4.06572 14
36.7 4.07550 14
36.8 4.08552 14
36.9 4.09585 14
37.0 4.10656 14
37.1 4.11776 14
37.2 4.12302 14
37.3 4.13516 14
37.4 4.14822 14
37.5 4.16252 14
37.6 4.17847 14
37.7 4.19668 14
37.8 4.21801 14
37.9 4.16767 14
38.0 4.17127 14
38.1 4.17561 14
38.2 4.18066 14
38.3 4.27523 14
38.4 4.23610 14
38.5 4.23194 14
38.6 4.24485 14
38.7 4.27822 14
38.8 4.29243 14
38.9 4.29736 14
39.0 4.29836 14
39.1 4.29802 14
39.2 4.29726 14
39.3 4.29694 14
39.4 4.29605 14
39.5 4.29513 14
39.6 4.29419 14
39.7 4.29666 14
39.8 4.30387 14
39.9 4.31127 14
40.0 4.31888 14
40.1 4.32751 14
40.2 4.33678 14
40.3 4.34629 14
40.4 4.35612 14
40.5 4.36634 14
40.6 4.37706 14
40.7 4.38841 14
40.8 4.40060 14
40.9 4.41386 14
41.0 4.42861 14
41.1 4.44527 14
41.2 4.45066 14
41.3 4.47081 14
41.4 4.42190 14
41.5 4.42483 14
41.6 4.42846 14
41.7 4.43282 14
41.8 4.53897 14
41.9 4.49617 14
42.0 4.48458 14
42.1 4.49194 14
42.2 4.51587 14
42.3 4.54376 14
42.4 4.55095 14
42.5 4.55263 14
42.6 4.55206 14
42.7 4.55077 14
42.8 4.54926 14
42.9 4.54891 14
43.0 4.54732 14
43.1 4.54572 14
43.2 4.54412 14
43.3 4.54613 14
43.4 4.55281 14
43.5 4.55968 14
43.6 4.56674 14
43.7 4.57484 14
43.8 4.58348 14
43.9 4.59235 14
44.0 4.60151 14
44.1 4.61102 14
44.2 4.62096 14
44.3 4.63146 14
44.4 4.64266 14
44.5 4.64445 14
44.6 4.65667 14
44.7 4.67012 14
44.8 4.68520 14
44.9 4.70250 14
45.0 4.66575 14
45.1 4.66772 14
45.2 4.67035 14
45.3 4.67365 14
45.4 4.67761 14
45.5 4.78564 14
45.6 4.73968 14
45.7 4.72903 14
45.8 4.73578 14
45.9 4.75792 14
46.0 4.78894 14
46.1 4.78983 14
46.2 4.79689 14
46.3 4.79843 14
46.4 4.79755 14
46.5 4.79582 14
46.6 4.79382 14
46.7 4.79174 14
46.8 4.78963 14
46.9 4.78752 14
47.0 4.78541 14
47.1 4.78833 14
47.2 4.79454 14
47.3 4.80091 14
47.4 4.80748 14
47.5 4.81522 14
47.6 4.82328 14
47.7 4.82329 14
47.8 4.83151 14
47.9 4.83998 14
48.0 4.84876 14
48.1 4.85792 14
48.2 4.86755 14
48.3 4.87777 14
48.4 4.87444 14
48.5 4.88511 14
48.6 4.89665 14
48.7 4.90931 14
48.8 4.92344 14
48.9 4.93949 14
49.0 4.90390 14
49.1 4.90541 14
49.2 4.90528 14
49.3 4.90732 14
49.4 4.90998 14
49.5 4.91322 14
49.6 5.03661 14
49.7 4.99618 14
49.8 4.96991 14
49.9 4.96726 14
50.0 4.97791 14
50.1 5.00411 14
50.2 5.03050 14
50.3 5.03651 14
50.4 5.03756 14
50.5 5.03635 14
50.6 5.03429 14
50.7 5.03194 14
50.8 5.03232 14
50.9 5.02981 14
51.0 5.02736 14
51.1 5.02489 14
51.2 5.02243 14
51.3 5.01997 14
51.4 5.02417 14
51.5 5.02986 14
51.6 5.03570 14
51.7 5.04172 14
51.8 5.04894 14
51.9 5.05632 14
52.0 5.06387 14
52.1 5.07164 14
52.2 5.07966 14
52.3 5.07773 14
52.4 5.08594 14
52.5 5.09452 14
52.6 5.10354 14
52.7 5.11311 14
52.8 5.12337 14
52.9 5.13450 14
53.0 5.14673 14
53.1 5.16038 14
53.2 5.17593 14
53.3 5.13669 14
53.4 5.13799 14
53.5 5.13983 14
53.6 5.14221 14
53.7 5.14513 14
53.8 5.27308 14
53.9 5.14738 14
54.0 5.25213 14
54.1 5.20983 14
54.2 5.19877 14
54.3 5.20219 14
54.4 5.21725 14
54.5 5.24939 14
54.6 5.26674 14
54.7 5.25484 14
54.8 5.26101 14
54.9 5.26462 14
55.0 5.26532 14
55.1 5.26396 14
55.2 5.26171 14
55.3 5.25913 14
55.4 5.25644 14
55.5 5.25757 14
55.6 5.25480 14
55.7 5.25210 14
55.8 5.24941 14
55.9 5.24777 14
56.0 5.25445 14
56.1 5.26221 14
56.2 5.27088 14
56.3 5.27952 14
56.4 5.28823 14
56.5 5.29679 14
56.6 5.30550 14
56.7 5.31421 14
56.8 5.32292 14
56.9 5.32961 14
57.0 5.32650 14
57.1 5.33250 14
57.2 5.35215 14
57.3 5.44067 14
57.4 5.39117 14
57.5 5.44501 14
57.6 5.43350 14
57.7 5.41441 14
57.8 5.39487 14
57.9 5.38424 14
58.0 5.38899 14
58.1 5.39502 14
58.2 5.40328 14
58.3 5.40926 14
58.4 5.41778 14
58.5 5.42640 14
58.6 5.41956 14
58.7 5.42819 14
58.8 5.45002 14
58.9 5.45013 14
59.0 5.51773 14
59.1 5.49953 14
59.2 5.51704 14
59.3 5.56542 14
59.4 5.57357 14
59.5 5.57498 14
59.6 5.57321 14
59.7 5.57147 14
59.8 5.56903 14
59.9 5.56717 14
60.0 5.56981 14
60.1 5.58172 14
60.2 5.59568 14
60.3 5.58567 14
60.4 5.59961 14
60.5 5.61349 14
60.6 5.62745 14
60.7 5.64134 14
60.8 5.65530 14
60.9 5.66919 14
61.0 5.68308 14
61.1 5.69705 14
61.2 5.72983 14
61.3 5.73691 14
61.4 5.74534 14
61.5 5.83052 14
61.6 5.80819 14
61.7 5.83050 14
61.8 5.89003 14
61.9 5.83974 14
62.0 5.89331 14
62.1 5.90174 14
62.2 5.90202 14
62.3 5.89965 14
62.4 5.89747 14
62.5 5.89460 14
62.6 5.89228 14
62.7 5.89324 14
62.8 5.90468 14
62.9 5.91831 14
63.0 5.93211 14
63.1 5.94599 14
63.2 5.95980 14
63.3 5.97368 14
63.4 5.98749 14
63.5 6.00137 14
63.6 5.98841 14
63.7 6.00220 14
63.8 6.01591 14
63.9 6.02970 14
64.0 6.06308 14
64.1 6.06984 14
64.2 6.07794 14
64.3 6.18619 14
64.4 6.14588 14
64.5 6.15791 14
64.6 6.21043 14
64.7 6.24330 14
64.8 6.24700 14
64.9 6.24527 14
65.0 6.24291 14
65.1 6.23966 14
65.2 6.23681 14
65.3 6.23980 14
65.4 6.23703 14
65.5 6.23374 14
65.6 6.23416 14
65.7 6.24537 14
65.8 6.25845 14
65.9 6.27203 14
66.0 6.28568 14
66.1 6.29925 14
66.2 6.31290 14
66.3 6.32665 14
66.4 6.34065 14
66.5 6.35455 14
66.6 6.36857 14
66.7 6.38252 14
66.8 6.39656 14
66.9 6.42329 14
67.0 6.43181 14
67.1 6.42191 14
67.2 6.43008 14
67.3 6.57975 14
67.4 6.51112 14
67.5 6.51034 14
67.6 6.54386 14
67.7 6.60776 14
67.8 6.61810 14
67.9 6.61876 14
68.0 6.61587 14
68.1 6.61289 14
68.2 6.60908 14
68.3 6.60590 14
68.4 6.60205 14
68.5 6.60301 14
68.6 6.61466 14
68.7 6.62796 14
68.8 6.64197 14
68.9 6.62352 14
69.0 6.63742 14
69.1 6.65143 14
69.2 6.66532 14
69.3 6.67935 14
69.4 6.69330 14
69.5 6.70734 14
69.6 6.72130 14
69.7 6.73537 14
69.8 6.74944 14
69.9 6.76343 14
70.0 6.77753 14
70.1 6.80605 14
70.2 6.81422 14
70.3 7.00220 14
70.4 6.90852 14
70.5 6.89831 14
70.6 6.92280 14
70.7 6.89714 14
70.8 6.90774 14
70.9 6.95106 14
71.0 7.01241 14
71.1 7.02111 14
71.2 7.02063 14
71.3 7.01795 14
71.4 7.01385 14
71.5 7.01019 14
71.6 7.00591 14
71.7 7.00228 14
71.8 7.00051 14
71.9 7.00188 14
72.0 7.01381 14
72.1 7.02682 14
72.2 7.04094 14
72.3 7.05497 14
72.4 7.06911 14
72.5 7.08316 14
72.6 7.06056 14
72.7 7.07459 14
72.8 7.08853 14
72.9 7.10258 14
73.0 7.11654 14
73.1 7.13060 14
73.2 7.14468 14
73.3 7.15866 14
73.4 7.17273 14
73.5 7.18674 14
73.6 7.21779 14
73.7 7.22518 14
73.8 7.44605 14
73.9 7.35826 14
74.0 7.31977 14
74.1 7.32598 14
74.2 7.36320 14
74.3 7.44054 14
74.4 7.45344 14
74.5 7.37833 14
74.6 7.44505 14
74.7 7.45448 14
74.8 7.45487 14
74.9 7.45147 14
75.0 7.44773 14
75.1 7.44300 14
75.2 7.43892 14
75.3 7.43484 14
75.4 7.43003 14
75.5 7.42896 14
75.6 7.44084 14
75.7 7.45323 14
75.8 7.46738 14
75.9 7.48143 14
76.0 7.49561 14
76.1 7.50966 14
76.2 7.52384 14
76.3 7.53794 14
76.4 7.55213 14
76.5 7.52488 14
76.6 7.53886 14
76.7 7.55294 14
76.8 7.56703 14
76.9 7.58103 14
77.0 7.59513 14
77.1 7.60914 14
77.2 7.62326 14
77.3 7.63729 14
77.4 7.66631 14
77.5 7.67437 14
77.6 7.91045 14
77.7 7.80916 14
77.8 7.77369 14
77.9 7.78062 14
78.0 7.81512 14
78.1 7.89884 14
78.2 7.92068 14
78.3 7.92392 14
78.4 7.92214 14
78.5 7.91975 14
78.6 7.92389 14
78.7 7.92250 14
78.8 7.91892 14
78.9 7.91390 14
79.0 7.90944 14
79.1 7.90408 14
79.2 7.89942 14
79.3 7.89489 14
79.4 7.88962 14
79.5 7.90145 14
79.6 7.91343 14
79.7 7.92699 14
79.8 7.94113 14
79.9 7.95517 14
80.0 7.96933 14
80.1 7.98339 14
80.2 7.99756 14
80.3 8.01175 14
80.4 8.02582 14
80.5 8.03999 14
80.6 8.00769 14
80.7 8.02164 14
80.8 8.03567 14
80.9 8.04975 14
81.0 8.06371 14
81.1 8.07780 14
81.2 8.09189 14
81.3 8.10588 14
81.4 8.11999 14
81.5 8.14845 14
81.6 8.15655 14
81.7 8.42062 14
81.8 8.31697 14
81.9 8.26911 14
82.0 8.26692 14
82.1 8.29196 14
82.2 8.34951 14
82.3 8.42095 14
82.4 8.43043 14
82.5 8.43117 14
82.6 8.42742 14
82.7 8.42302 14
82.8 8.43153 14
82.9 8.42920 14
83.0 8.42533 14
83.1 8.42071 14
83.2 8.41505 14
83.3 8.41010 14
83.4 8.40506 14
83.5 8.39939 14
83.6 8.39444 14
83.7 8.39380 14
83.8 8.40597 14
83.9 8.41821 14
84.0 8.43165 14
84.1 8.44575 14
84.2 8.45986 14
84.3 8.47385 14
84.4 8.48797 14
84.5 8.50198 14
84.6 8.51611 14
84.7 8.53025 14
84.8 8.54427 14
84.9 8.55842 14
85.0 8.52042 14
85.1 8.53442 14
85.2 8.54832 14
85.3 8.56233 14
85.4 8.57635 14
85.5 8.59023 14
85.6 8.60426 14
85.7 8.61818 14
85.8 8.63222 14
85.9 8.64627 14
86.0 8.67222 14
86.1 8.68062 14
86.2 8.96538 14
86.3 8.84355 14
86.4 8.80029 14
86.5 8.79782 14
86.6 8.82007 14
86.7 8.87053 14
86.8 8.96416 14
86.9 8.97759 14
87.0 8.98073 14
87.1 8.97864 14
87.2 8.97361 14
87.3 8.97818 14
87.4 8.98071 14
87.5 8.97843 14
87.6 8.97336 14
87.7 8.96834 14
87.8 8.96223 14
87.9 8.95687 14
88.0 8.95148 14
88.1 8.94527 14
88.2 8.93981 14
88.3 8.93453 14
88.4 8.94005 14
88.5 8.95234 14
88.6 8.96458 14
88.7 8.97806 14
88.8 8.99210 14
88.9 9.00614 14
89.0 9.02006 14
89.1 9.03413 14
89.2 9.04819 14
89.3 9.06212 14
89.4 9.07620 14
89.5 9.09027 14
89.6 9.04608 14
89.7 9.05987 14
89.8 9.07380 14
89.9 9.08774 14
90.0 9.10155 14
90.1 9.11546 14
90.2 9.12940 14
90.3 9.14320 14
90.4 9.15714 14
90.5 9.17107 14
90.6 9.18489 14
90.7 9.19884 14
90.8 9.21279 14
90.9 9.23767 14
91.0 9.24605 14
91.1 9.56328 14
91.2 9.44083 14
91.3 9.38317 14
91.4 9.37148 14
91.5 9.38468 14
91.6 9.42055 14
91.7 9.49021 14
91.8 9.56603 14
91.9 9.57554 14
92.0 9.57687 14
92.1 9.45621 14
92.2 9.55803 14
92.3 9.57272 14
92.4 9.57701 14
92.5 9.57562 14
92.6 9.57077 14
92.7 9.56564 14
92.8 9.56008 14
92.9 9.55350 14
93.0 9.54772 14
93.1 9.54193 14
93.2 9.53529 14
93.3 9.52951 14
93.4 9.52374 14
93.5 9.52556 14
93.6 9.53768 14
93.7 9.55000 14
93.8 9.56254 14
93.9 9.57632 14
94.0 9.59024 14
94.1 9.60417 14
94.2 9.61796 14
94.3 9.63189 14
94.4 9.64583 14
94.5 9.65964 14
94.6 9.60869 14
94.7 9.62234 14
94.8 9.63612 14
94.9 9.64990 14
95.0 9.66357 14
95.1 9.67736 14
95.2 9.69116 14
95.3 9.70482 14
95.4 9.71863 14
95.5 9.73244 14
95.6 9.74612 14
95.7 9.75993 14
95.8 9.77376 14
95.9 9.78758 14
96.0 9.80127 14
96.1 9.81510 14
96.2 9.82894 14
96.3 9.85205 14
96.4 9.86045 14
96.5 10.21244 14
96.6 10.08862 14
96.7 10.01820 14
96.8 9.99765 14
96.9 10.00298 14
97.0 10.02840 14
97.1 10.07773 14
97.2 10.01672 14
97.3 9.99750 14
97.4 10.00316 14
97.5 10.02859 14
97.6 10.07734 14
97.7 10.16562 14
97.8 10.21756 14
97.9 10.22479 14
98.0 10.22518 14
98.1 10.22112 14
98.2 10.21617 14
98.3 10.21049 14
98.4 10.20450 14
98.5 10.19751 14
98.6 10.19136 14
98.7 10.18519 14
98.8 10.17814 14
98.9 10.17200 14
99.0 10.16586 14
99.1 10.15973 14
99.2 10.17050 14
99.3 10.18279 14
99.4 10.19508 14
99.5 10.20751 14
99.6 10.22128 14
99.7 10.23503 14
99.8 10.24864 14
99.9 10.19179 14
100.0 10.20374 14
100.1 10.21727 14
100.2 10.23087 14
100.3 10.24446 14
100.4 10.25792 14
100.5 10.27152 14
100.6 10.28513 14
100.7 10.29859 14
100.8 10.31220 14
100.9 10.32581 14
101.0 10.33943 14
101.1 10.35291 14
101.2 10.36652 14
101.3 10.38014 14
101.4 10.39363 14
101.5 10.40726 14
101.6 10.42089 14
101.7 10.43452 14
101.8 10.44801 14
101.9 10.46165 14
102.0 10.47530 14
102.1 10.48894 14
102.2 10.51412 14
102.3 10.52191 14
102.4 10.53052 14
102.5 10.91169 14
102.6 10.76559 14
102.7 10.69976 14
102.8 10.51708 14
102.9 10.52509 14
103.0 10.92561 14
103.1 10.85313 14
103.2 10.73568 14
103.3 10.68906 14
103.4 10.67629 14
103.5 10.68544 14
103.6 10.71165 14
103.7 10.75887 14
103.8 10.84316 14
103.9 10.91968 14
104.0 10.92953 14
104.1 10.93187 14
104.2 10.92893 14
104.3 10.92442 14
104.4 10.91879 14
104.5 10.91265 14
104.6 10.90537 14
104.7 10.89890 14
104.8 10.89240 14
104.9 10.88497 14
105.0 10.87845 14
105.1 10.87195 14
105.2 10.86547 14
105.3 10.85808 14
105.4 10.85774 14
105.5 10.86997 14
105.6 10.88222 14
105.7 10.87169 14
105.8 10.86528 14
105.9 10.85797 14
106.0 10.85779 14
106.1 10.86987 14
106.2 10.88197 14
106.3 10.89387 14
106.4 10.90598 14
106.5 10.91936 14
106.6 10.93274 14
106.7 10.94596 14
106.8 10.95933 14
106.9 10.97270 14
107.0 10.98591 14
107.1 10.99929 14
107.2 11.01267 14
107.3 11.02605 14
107.4 11.03927 14
107.5 11.05265 14
107.6 11.06604 14
107.7 11.07943 14
107.8 11.09266 14
107.9 11.10604 14
108.0 11.11943 14
108.1 11.13282 14
108.2 11.14606 14
108.3 11.15946 14
108.4 11.17285 14
108.5 11.18624 14
108.6 11.19949 14
108.7 11.12834 14
108.8 11.14142 14
108.9 11.15465 14
109.0 11.16787 14
109.1 11.18109 14
109.2 11.19416 14
109.3 11.20740 14
109.4 11.22063 14
109.5 11.24199 14
109.6 11.24943 14
109.7 11.25796 14
109.8 11.68044 14
109.9 11.52812 14
110.0 11.45064 14
110.1 11.42183 14
110.2 11.41748 14
110.3 11.42980 14
110.4 11.45815 14
110.5 11.50569 14
110.6 11.58305 14
110.7 11.68495 14
110.8 11.69716 14
110.9 11.70097 14
111.0 11.70015 14
111.1 11.69643 14
111.2 11.69112 14
111.3 11.68409 14
111.4 11.67759 14
111.5 11.67091 14
111.6 11.66415 14
111.7 11.65638 14
111.8 11.64958 14
111.9 11.68871 14
112.0 11.68256 14
112.1 11.67609 14
112.2 11.66946 14
112.3 11.66279 14
112.4 11.65511 14
112.5 11.64839 14
112.6 11.64167 14
112.7 11.63496 14
112.8 11.62732 14
112.9 11.62063 14
113.0 11.61397 14
113.1 11.61768 14
113.2 11.62944 14
113.3 11.64140 14
113.4 11.65336 14
113.5 11.66534 14
113.6 11.67780 14
113.7 11.69089 14
113.8 11.70399 14
113.9 11.71708 14
114.0 11.73003 14
114.1 11.74314 14
114.2 11.75624 14
114.3 11.76934 14
114.4 11.78244 14
114.5 11.79539 14
114.6 11.80850 14
114.7 11.82161 14
114.8 11.83471 14
114.9 11.84765 14
115.0 11.86076 14
115.1 11.87388 14
115.2 11.79293 14
115.3 11.80587 14
115.4 11.81880 14
115.5 11.83173 14
115.6 11.84449 14
115.7 11.85741 14
115.8 11.87036 14
115.9 11.88329 14
116.0 11.89606 14
116.1 11.90899 14
116.2 11.92192 14
116.3 11.93486 14
116.4 11.94780 14
116.5 11.96057 14
116.6 11.97351 14
116.7 11.98644 14
116.8 11.99937 14
116.9 12.01215 14
117.0 12.02508 14
117.1 12.03925 14
117.2 12.04742 14
117.3 12.53024 14
117.4 12.42247 14
117.5 12.30659 14
117.6 12.25100 14
117.7 12.22831 14
117.8 12.22519 14
117.9 12.23760 14
118.0 12.26342 14
118.1 12.30525 14
118.2 12.37003 14
118.3 12.47562 14
118.4 12.53187 14
118.5 12.54019 14
118.6 12.22796 14
118.7 12.24457 14
118.8 12.27467 14
118.9 12.32193 14
119.0 12.39759 14
119.1 12.51326 14
119.2 12.53473 14
119.3 12.54123 14
119.4 12.54236 14
119.5 12.53913 14
119.6 12.53462 14
119.7 12.52895 14
119.8 12.52263 14
119.9 12.51503 14
120.0 12.50820 14
120.1 12.50131 14
120.2 12.49435 14
120.3 12.48741 14
120.4 12.47945 14
120.5 12.47251 14
120.6 12.46555 14
120.7 12.45863 14
120.8 12.45171 14
120.9 12.44384 14
121.0 12.43751 14
121.1 12.44929 14
121.2 12.46107 14
121.3 12.47264 14
121.4 12.48442 14
121.5 12.49619 14
121.6 12.50823 14
121.7 12.52098 14
121.8 12.53355 14
121.9 12.54630 14
122.0 12.55904 14
122.1 12.57179 14
122.2 12.58454 14
122.3 12.49402 14
122.4 12.50570 14
122.5 12.51826 14
122.6 12.53065 14
122.7 12.54321 14
122.8 12.55577 14
122.9 12.56833 14
123.0 12.58090 14
123.1 12.59329 14
123.2 12.60585 14
123.3 12.61841 14
123.4 12.63097 14
123.5 12.64353 14
123.6 12.65593 14
123.7 12.66849 14
123.8 12.68105 14
123.9 12.69361 14
124.0 12.70617 14
124.1 12.71855 14
124.2 12.73111 14
124.3 12.74368 14
124.4 12.75624 14
124.5 12.76862 14
124.6 12.78118 14
124.7 12.79373 14
124.8 12.80629 14
124.9 12.81886 14
125.0 12.83124 14
125.1 12.84379 14
125.2 12.85635 14
125.3 12.86890 14
125.4 12.88145 14
125.5 12.89384 14
125.6 12.90391 14
125.7 12.91193 14
125.8 13.45154 14
125.9 13.37747 14
126.0 12.84718 14
126.1 12.85954 14
126.2 12.87191 14
126.3 12.88428 14
126.4 12.89648 14
126.5 12.90543 14
126.6 12.91343 14
126.7 13.44875 14
126.8 13.35014 14
126.9 13.21780 14
127.0 13.15161 14
127.1 13.11908 14
127.2 13.10740 14
127.3 13.11012 14
127.4 13.12459 14
127.5 13.15083 14
127.6 13.19070 14
127.7 13.24921 14
127.8 13.33533 14
127.9 13.44482 14
128.0 13.45640 14
128.1 13.46180 14
128.2 13.46256 14
128.3 13.46024 14
128.4 13.45496 14
128.5 13.44938 14
128.6 13.44311 14
128.7 13.43643 14
128.8 13.42953 14
128.9 13.42149 14
129.0 13.41440 14
129.1 13.40727 14
129.2 13.40014 14
129.3 13.39299 14
129.4 13.38486 14
129.5 13.37772 14
129.6 13.37062 14
129.7 13.36352 14
129.8 13.35644 14
129.9 13.34837 14
130.0 13.40970 14
130.1 13.40269 14
130.2 13.39566 14
130.3 13.38863 14
130.4 13.38061 14
130.5 13.37360 14
130.6 13.36661 14
130.7 13.35962 14
130.8 13.35266 14
130.9 13.34470 14
131.0 13.34580 14
131.1 13.35713 14
131.2 13.36848 14
131.3 13.37983 14
131.4 13.39096 14
131.5 13.40230 14
131.6 13.41364 14
131.7 13.42545 14
131.8 13.43759 14
131.9 13.44972 14
132.0 13.46166 14
132.1 13.47379 14
132.2 13.48591 14
132.3 13.49805 14
132.4 13.51018 14
132.5 13.52212 14
132.6 13.53425 14
132.7 13.54637 14
132.8 13.55849 14
132.9 13.57060 14
133.0 13.58253 14
133.1 13.59467 14
133.2 13.60679 14
133.3 13.61891 14
133.4 13.63103 14
133.5 13.64314 14
133.6 13.65507 14
133.7 13.66717 14
133.8 13.67930 14
133.9 13.43399 14
134.0 13.44600 14
134.1 13.46009 14
134.2 13.60671 14
134.3 13.61863 14
134.4 13.63055 14
134.5 13.64247 14
134.6 13.65420 14
134.7 13.66612 14
134.8 13.67805 14
134.9 13.43255 14
135.0 13.44437 14
135.1 13.45826 14
135.2 13.47008 14
135.3 13.48189 14
135.4 13.49370 14
135.5 13.50825 14
135.6 13.51988 14
135.7 13.53170 14
135.8 13.54351 14
135.9 13.55819 14
136.0 13.57000 14
136.1 13.58162 14
136.2 13.59345 14
136.3 13.60814 14
136.4 13.61995 14
136.5 13.63176 14
136.6 13.64357 14
136.7 13.65807 14
136.8 13.66989 14
136.9 13.42436 14
137.0 13.43894 14
137.1 13.45047 14
137.2 13.65871 14
137.3 13.67064 14
137.4 13.42520 14
137.5 13.43988 14
137.6 13.45151 14
137.7 13.46559 14
137.8 13.47740 14
137.9 13.49208 14
138.0 13.62697 14
138.1 13.63869 14
138.2 13.65310 14
138.3 13.66481 14
138.4 13.67654 14
138.5 13.43086 14
138.6 13.44535 14
138.7 13.45924 14
138.8 13.66524 14
138.9 13.67707 14
139.0 13.43149 14
139.1 13.44608 14
139.2 13.45988 14
139.3 13.47160 14
139.4 13.48618 14
139.5 13.62122 14
139.6 13.63285 14
139.7 13.64447 14
139.8 13.65878 14
139.9 13.67042 14
140.0 13.42470 14
140.1 13.43910 14
140.2 13.45044 14
140.3 13.65890 14
140.4 13.67064 14
140.5 13.42502 14
140.6 13.43951 14
140.7 13.45096 14
140.8 13.46485 14
140.9 13.47647 14
141.0 13.49117 14
141.1 13.62607 14
141.2 13.63761 14
141.3 13.65183 14
141.4 13.66336 14
141.5 13.67490 14
141.6 13.42906 14
141.7 13.44336 14
141.8 13.45728 14
141.9 13.66326 14
142.0 13.67490 14
142.1 13.42916 14
142.2 13.44356 14
142.3 13.45718 14
142.4 13.46871 14
142.5 13.48024 14
142.6 13.61840 14
142.7 13.62984 14
142.8 13.64127 14
142.9 13.65541 14
143.0 13.66684 14
143.1 13.67830 14
143.2 13.43234 14
143.3 13.44655 14
143.4 13.65499 14
143.5 13.66652 14
143.6 13.67808 14
143.7 13.43222 14
143.8 13.44653 14
143.9 13.46005 14
144.0 13.47150 14
144.1 13.48580 14
144.2 13.62119 14
144.3 13.63254 14
144.4 13.64388 14
144.5 13.65792 14
144.6 13.66928 14
144.7 13.42331 14
144.8 13.43457 14
144.9 13.44890 14
145.0 13.65729 14
145.1 13.66875 14
145.2 13.68020 14
145.3 13.43424 14
145.4 13.44845 14
145.5 13.46189 14
145.6 13.47324 14
145.7 13.48789 14
145.8 13.62295 14
145.9 13.63421 14
146.0 13.64547 14
146.1 13.65941 14
146.2 13.67068 14
146.3 13.42461 14
146.4 13.43578 14
146.5 13.45046 14
146.6 13.65857 14
146.7 13.66994 14
146.8 13.42397 14
146.9 13.43523 14
147.0 13.44936 14
147.1 13.46270 14
147.2 13.47396 14
147.3 13.48875 14
147.4 13.62371 14
147.5 13.63488 14
147.6 13.64586 14
147.7 13.65991 14
147.8 13.67109 14
147.9 13.42493 14
148.0 13.43887 14
148.1 13.45064 14
148.2 13.65885 14
148.3 13.67012 14
148.4 13.42407 14
148.5 13.43524 14
148.6 13.44928 14
148.7 13.46253 14
148.8 13.47370 14
148.9 13.48864 14
149.0 13.62351 14
149.1 13.63459 14
149.2 13.64548 14
149.3 13.65943 14
149.4 13.67052 14
149.5 13.42428 14
149.6 13.43527 14
149.7 13.45023 14
149.8 13.65816 14
149.9 13.66935 14
