15.0 1.81906 13
15.1 1.85466 13
15.2 1.89005 13
15.3 1.92631 13
15.4 1.96231 13
15.5 1.99860 13
15.6 2.03569 13
15.7 2.07258 13
15.8 2.10975 13
15.9 2.14718 13
16.0 2.18557 13
16.1 2.22445 13
16.2 2.26247 13
16.3 2.30089 13
16.4 2.33954 13
16.5 2.37814 13
16.6 2.41692 13
16.7 2.45615 13
16.8 2.49409 13
16.9 2.51508 14
17.0 2.57002 14
17.1 2.62543 14
17.2 2.68292 14
17.3 2.73931 14
17.4 2.79615 14
17.5 2.85194 14
17.6 2.90963 14
17.7 2.96774 14
17.8 3.02627 14
17.9 3.08355 14
18.0 3.14285 14
18.1 3.20448 14
18.2 3.26458 14
18.3 3.32322 14
18.4 3.38401 14
18.5 3.44511 14
18.6 3.50457 14
18.7 3.58830 14
18.8 3.67554 14
18.9 3.76371 14
19.0 3.85287 14
19.1 3.93979 14
19.2 4.03406 14
19.3 4.12258 14
19.4 4.21872 14
19.5 4.30874 14
19.6 4.39939 14
19.7 4.49062 14
19.8 4.58240 14
19.9 4.67468 14
20.0 4.76762 14
20.1 4.86168 14
20.2 4.95623 14
20.3 5.05123 14
20.4 5.14662 14
20.5 5.24234 14
20.6 5.33835 14
20.7 5.43456 14
20.8 5.53183 14
20.9 5.62986 14
21.0 5.72810 14
21.1 5.89260 14
21.2 5.99022 14
21.3 6.08778 14
21.4 6.18603 14
21.5 6.28544 14
21.6 6.35556 14
21.7 6.40090 14
21.8 6.44536 14
21.9 6.48880 14
22.0 6.53369 14
22.1 6.57790 14
22.2 6.62111 14
22.3 6.66320 14
22.4 6.70408 14
22.5 6.74662 14
22.6 6.78842 14
22.7 6.82907 14
22.8 6.86835 14
22.9 6.90681 14
23.0 6.94704 14
23.1 6.98605 14
23.2 7.02361 14
23.3 7.05961 14
23.4 7.09668 14
23.5 7.13394 14
23.6 7.16966 14
23.7 7.20370 14
23.8 7.23705 14
23.9 7.27247 14
24.0 7.30625 14
24.1 7.33831 14
24.2 7.36838 14
24.3 7.40142 14
24.4 7.43330 14
24.5 7.46338 14
24.6 7.49126 14
24.7 7.52069 14
24.8 7.55072 14
24.9 7.57878 14
25.0 7.60467 14
25.1 7.63013 14
25.2 7.65834 14
25.3 7.68464 14
25.4 7.70869 14
25.5 7.73017 14
25.6 7.75622 14
25.7 7.78089 14
25.8 7.80345 14
25.9 7.82338 14
26.0 7.84413 14
26.1 7.86753 14
26.2 7.88886 14
26.3 7.90776 14
26.4 7.92384 14
26.5 7.94419 14
26.6 7.96473 14
26.7 7.98309 14
26.8 7.99888 14
26.9 8.01169 14
27.0 8.02450 14
27.1 8.02343 14
27.2 7.99444 14
27.3 7.86142 14
27.4 7.79643 14
27.5 7.64050 14
27.6 7.52036 14
27.7 7.45052 14
27.8 7.32294 14
27.9 7.17239 14
28.0 7.06223 14
28.1 7.02054 14
28.2 7.08126 14
28.3 7.12806 14
28.4 7.19589 14
28.5 7.25158 14
28.6 7.31293 14
28.7 7.36356 14
28.8 7.42249 14
28.9 7.48874 14
29.0 7.56072 14
29.1 7.62273 14
29.2 7.68960 14
29.3 7.75267 14
29.4 7.81598 14
29.5 7.88708 14
29.6 7.95462 14
29.7 8.01480 14
29.8 8.08655 14
29.9 8.16370 14
30.0 8.22255 14
30.1 8.29944 14
30.2 8.37240 14
30.3 8.40300 14
30.4 8.44633 14
30.5 8.49985 14
30.6 8.55579 14
30.7 8.62128 14
30.8 8.69004 14
30.9 8.76063 14
31.0 8.81362 14
31.1 8.32653 14
31.2 8.35783 14
31.3 8.38928 14
31.4 8.42243 14
31.5 8.45590 14
31.6 8.48953 14
31.7 8.52257 14
31.8 8.55576 14
31.9 8.58913 14
32.0 8.62269 14
32.1 8.65646 14
32.2 8.69049 14
32.3 8.72476 14
32.4 8.75933 14
32.5 8.79422 14
32.6 8.82948 14
32.7 8.86516 14
32.8 8.90130 14
32.9 8.93798 14
33.0 8.97529 14
33.1 9.01333 14
33.2 9.05218 14
33.3 9.09202 14
33.4 9.13302 14
33.5 9.17463 14
33.6 9.21627 14
33.7 9.25778 14
33.8 9.29910 14
33.9 9.24255 14
34.0 9.26582 14
34.1 9.28956 14
34.2 9.31386 14
34.3 9.33880 14
34.4 9.36442 14
34.5 9.39072 14
34.6 9.60320 14
34.7 9.60319 14
34.8 9.60816 14
34.9 9.61784 14
35.0 9.63186 14
35.1 9.65077 14
35.2 9.67366 14
35.3 9.69983 14
35.4 9.72904 14
35.5 9.76118 14
35.6 9.79641 14
35.7 9.83514 14
35.8 9.87815 14
35.9 9.92675 14
36.0 9.97915 14
36.1 10.02223 14
36.2 10.06261 14
36.3 10.09889 14
36.4 10.13481 14
36.5 10.16781 14
36.6 10.19852 14
36.7 10.22755 14
36.8 10.25541 14
36.9 10.28246 14
37.0 10.30896 14
37.1 10.33507 14
37.2 10.36089 14
37.3 10.38651 14
37.4 10.41194 14
37.5 10.43722 14
37.6 10.46236 14
37.7 10.48737 14
37.8 10.51225 14
37.9 10.53702 14
38.0 10.56166 14
38.1 10.58619 14
38.2 10.61061 14
38.3 10.64243 14
38.4 10.67492 14
38.5 10.70752 14
38.6 10.74022 14
38.7 10.77304 14
38.8 10.80600 14
38.9 10.83911 14
39.0 10.87239 14
39.1 10.90587 14
39.2 10.93957 14
39.3 10.97546 14
39.4 11.01203 14
39.5 11.04884 14
39.6 11.08589 14
39.7 11.12324 14
39.8 11.16088 14
39.9 11.19887 14
40.0 11.23727 14
40.1 11.27612 14
40.2 11.31548 14
40.3 11.35545 14
40.4 11.39609 14
40.5 11.43754 14
40.6 11.47990 14
40.7 11.52335 14
40.8 11.56807 14
40.9 11.61430 14
41.0 11.66232 14
41.1 11.71249 14
41.2 11.76179 14
41.3 11.70168 14
41.4 11.72555 14
41.5 11.75016 14
41.6 11.77554 14
41.7 11.80175 14
41.8 11.82881 14
41.9 11.85673 14
42.0 12.11930 14
42.1 12.11676 14
42.2 11.88824 14
42.3 11.67009 14
42.4 11.59875 14
42.5 11.55602 14
42.6 11.57402 14
42.7 11.48503 14
42.8 11.50661 14
42.9 11.21464 14
43.0 11.13968 14
43.1 11.06280 14
43.2 10.99812 14
43.3 11.01638 14
43.4 11.02410 14
43.5 10.91100 14
43.6 10.78091 14
43.7 10.69398 14
43.8 10.64760 14
43.9 10.55401 14
44.0 10.51577 14
44.1 10.53273 14
44.2 10.54454 14
44.3 10.42646 14
44.4 10.32909 14
44.5 10.24457 14
44.6 10.18674 14
44.7 10.18040 14
44.8 10.12036 14
44.9 10.09826 14
45.0 10.11264 14
45.1 10.12186 14
45.2 10.00286 14
45.3 10.07824 14
45.4 9.85024 14
45.5 9.83962 14
45.6 9.76851 14
45.7 9.75676 14
45.8 9.72143 14
45.9 9.73633 14
46.0 9.70553 14
46.1 9.64837 14
46.2 9.71869 14
46.3 9.67888 14
46.4 9.71370 14
46.5 9.75832 14
46.6 9.93219 14
46.7 9.96446 14
46.8 9.91164 14
46.9 9.93154 14
47.0 9.98261 14
47.1 10.03384 14
47.2 10.08523 14
47.3 10.13679 14
47.4 10.23885 14
47.5 10.26961 14
47.6 10.41100 14
47.7 10.40572 14
47.8 10.52253 14
47.9 10.57327 14
48.0 10.59245 14
48.1 10.60953 14
48.2 10.62527 14
48.3 10.65426 14
48.4 10.70615 14
48.5 10.75954 14
48.6 10.81310 14
48.7 10.86691 14
48.8 10.92079 14
48.9 10.97484 14
49.0 11.06300 14
49.1 11.23894 14
49.2 11.20469 14
49.3 11.31980 14
49.4 11.39335 14
49.5 11.41601 14
49.6 11.43191 14
49.7 11.44717 14
49.8 11.46688 14
49.9 11.51520 14
50.0 11.57094 14
50.1 11.62685 14
50.2 11.68293 14
50.3 11.73927 14
50.4 11.79568 14
50.5 11.90558 14
50.6 11.93994 14
50.7 12.08975 14
50.8 12.09762 14
50.9 12.23586 14
51.0 12.29723 14
51.1 12.31746 14
51.2 12.33372 14
51.3 12.34831 14
51.4 12.36706 14
51.5 12.41722 14
51.6 12.47552 14
51.7 12.53411 14
51.8 12.59273 14
51.9 12.65154 14
52.0 12.71050 14
52.1 12.76964 14
52.2 12.86953 14
52.3 13.09300 14
52.4 13.03132 14
52.5 13.13193 14
52.6 13.25637 14
52.7 13.28785 14
52.8 13.30355 14
52.9 13.31754 14
53.0 13.33247 14
53.1 13.36349 14
53.2 13.42062 14
53.3 13.48168 14
53.4 13.54304 14
53.5 13.60444 14
53.6 13.66602 14
53.7 13.72776 14
53.8 13.78981 14
53.9 13.89452 14
54.0 14.09710 14
54.1 14.06606 14
54.2 14.10894 14
54.3 14.17426 14
54.4 14.19032 14
54.5 14.19719 14
54.6 14.20353 14
54.7 14.20916 14
54.8 14.21874 14
54.9 14.24286 14
55.0 14.27081 14
55.1 14.29870 14
55.2 14.32661 14
55.3 14.35459 14
55.4 14.38251 14
55.5 14.41042 14
55.6 14.46533 14
55.7 14.48242 14
55.8 14.56947 14
55.9 14.56346 14
56.0 14.62776 14
56.1 14.67832 14
56.2 14.69062 14
56.3 14.69648 14
56.4 14.70211 14
56.5 14.70699 14
56.6 14.71650 14
56.7 14.74056 14
56.8 14.76863 14
56.9 14.79666 14
57.0 14.82471 14
57.1 14.85282 14
57.2 14.88088 14
57.3 14.90895 14
57.4 14.93702 14
57.5 14.98547 14
57.6 15.11058 14
57.7 15.06942 14
57.8 15.10230 14
57.9 15.18403 14
58.0 15.20790 14
58.1 15.21565 14
58.2 15.22030 14
58.3 15.22458 14
58.4 15.22937 14
58.5 15.24332 14
58.6 15.26883 14
58.7 15.29700 14
58.8 15.32524 14
58.9 15.35343 14
59.0 15.38163 14
59.1 15.40991 14
59.2 15.43813 14
59.3 15.46636 14
59.4 15.51686 14
59.5 15.65771 14
59.6 15.60783 14
59.7 15.62881 14
59.8 15.71664 14
59.9 15.75141 14
60.0 15.76120 14
60.1 15.76555 14
60.2 15.76918 14
60.3 15.77326 14
60.4 15.77761 14
60.5 15.80006 14
60.6 15.82836 14
60.7 15.85669 14
60.8 15.88503 14
60.9 15.91347 14
61.0 15.94184 14
61.1 15.97023 14
61.2 15.99869 14
61.3 16.02710 14
61.4 16.07730 14
61.5 16.22539 14
61.6 16.17232 14
61.7 16.19222 14
61.8 16.28035 14
61.9 16.32412 14
62.0 16.33449 14
62.1 16.33900 14
62.2 16.34194 14
62.3 16.34470 14
62.4 16.34799 14
62.5 16.36505 14
62.6 16.39113 14
62.7 16.41975 14
62.8 16.44833 14
62.9 16.47690 14
63.0 16.50556 14
63.1 16.53412 14
63.2 16.56277 14
63.3 16.59136 14
63.4 16.61995 14
63.5 16.66864 14
63.6 16.81509 14
63.7 16.76359 14
63.8 16.79044 14
63.9 16.88963 14
64.0 16.92849 14
64.1 16.93880 14
64.2 16.94208 14
64.3 16.94486 14
64.4 16.94683 14
64.5 16.94875 14
64.6 16.96167 14
64.7 16.98628 14
64.8 17.01504 14
64.9 17.04389 14
65.0 17.07267 14
65.1 17.10154 14
65.2 17.13035 14
65.3 17.15917 14
65.4 17.18808 14
65.5 17.21691 14
65.6 17.24578 14
65.7 17.29193 14
65.8 17.41848 14
65.9 17.38826 14
66.0 17.42552 14
66.1 17.53270 14
66.2 17.56651 14
66.3 17.57493 14
66.4 17.57794 14
66.5 17.57929 14
66.6 17.58045 14
66.7 17.58216 14
66.8 17.59108 14
66.9 17.61466 14
67.0 17.64373 14
67.1 17.67272 14
67.2 17.70179 14
67.3 17.73081 14
67.4 17.75984 14
67.5 17.78896 14
67.6 17.81802 14
67.7 17.84716 14
67.8 17.87623 14
67.9 17.92993 14
68.0 18.12041 14
68.1 18.05615 14
68.2 18.04857 14
68.3 18.09779 14
68.4 18.20886 14
68.5 18.23694 14
68.6 18.24341 14
68.7 18.24550 14
68.8 18.24598 14
68.9 18.24620 14
69.0 18.24711 14
69.1 18.25199 14
69.2 18.27512 14
69.3 18.30205 14
69.4 18.33029 14
69.5 18.35847 14
69.6 18.38664 14
69.7 18.41491 14
69.8 18.44311 14
69.9 18.44083 14
70.0 18.46901 14
70.1 18.46625 14
70.2 18.49427 14
70.3 18.52237 14
70.4 18.55040 14
70.5 18.60120 14
70.6 18.79423 14
70.7 18.72783 14
70.8 18.73389 14
70.9 18.71715 14
71.0 18.75539 14
71.1 18.86294 14
71.2 18.91344 14
71.3 18.92355 14
71.4 18.92584 14
71.5 18.92562 14
71.6 18.92580 14
71.7 18.92518 14
71.8 18.92516 14
71.9 18.93734 14
72.0 18.93310 14
72.1 18.95623 14
72.2 18.98313 14
72.3 18.97868 14
72.4 19.00661 14
72.5 19.03446 14
72.6 19.06231 14
72.7 19.09026 14
72.8 19.11815 14
72.9 19.14611 14
73.0 19.17401 14
73.1 19.20199 14
73.2 19.22990 14
73.3 19.25790 14
73.4 19.30424 14
73.5 19.49063 14
73.6 19.42059 14
73.7 19.42791 14
73.8 19.48241 14
73.9 19.46593 14
74.0 19.58318 14
74.1 19.63220 14
74.2 19.64253 14
74.3 19.64432 14
74.4 19.64342 14
74.5 19.64270 14
74.6 19.64121 14
74.7 19.64033 14
74.8 19.64227 14
74.9 19.66539 14
75.0 19.69077 14
75.1 19.71870 14
75.2 19.74670 14
75.3 19.77464 14
75.4 19.80268 14
75.5 19.83063 14
75.6 19.82275 14
75.7 19.85069 14
75.8 19.87855 14
75.9 19.90651 14
76.0 19.93438 14
76.1 19.96236 14
76.2 19.95204 14
76.3 19.97981 14
76.4 20.00768 14
76.5 20.25499 14
76.6 20.19176 14
76.7 20.15801 14
76.8 20.18327 14
76.9 20.25713 14
77.0 20.37489 14
77.1 20.39837 14
77.2 20.40356 14
77.3 20.40268 14
77.4 20.40312 14
77.5 20.40203 14
77.6 20.39979 14
77.7 20.39800 14
77.8 20.39567 14
77.9 20.39389 14
78.0 20.41178 14
78.1 20.43513 14
78.2 20.46262 14
78.3 20.49050 14
78.4 20.51829 14
78.5 20.54618 14
78.6 20.57399 14
78.7 20.60190 14
78.8 20.62972 14
78.9 20.65764 14
79.0 20.64608 14
79.1 20.67381 14
79.2 20.70163 14
79.3 20.72936 14
79.4 20.75718 14
79.5 20.78493 14
79.6 21.04760 14
79.7 20.98165 14
79.8 20.94161 14
79.9 20.96063 14
80.0 21.02201 14
80.1 21.16034 14
80.2 21.19825 14
80.3 21.20670 14
80.4 21.20708 14
80.5 21.20453 14
80.6 21.20207 14
80.7 21.19865 14
80.8 21.19994 14
80.9 21.19729 14
81.0 21.19396 14
81.1 21.19127 14
81.2 21.21246 14
81.3 21.23601 14
81.4 21.26330 14
81.5 21.29114 14
81.6 21.31899 14
81.7 21.34675 14
81.8 21.37462 14
81.9 21.40239 14
82.0 21.43025 14
82.1 21.45804 14
82.2 21.48593 14
82.3 21.51374 14
82.4 21.54164 14
82.5 21.56946 14
82.6 21.55377 14
82.7 21.58156 14
82.8 21.60927 14
82.9 21.88506 14
83.0 21.81440 14
83.1 21.77103 14
83.2 21.78618 14
83.3 21.84026 14
83.4 21.79738 14
83.5 21.86472 14
83.6 22.00870 14
83.7 22.05025 14
83.8 22.05888 14
83.9 22.05891 14
84.0 22.05565 14
84.1 22.05234 14
84.2 22.04883 14
84.3 22.04457 14
84.4 22.04686 14
84.5 22.04329 14
84.6 22.03902 14
84.7 22.04167 14
84.8 22.06511 14
84.9 22.08877 14
85.0 22.11632 14
85.1 22.14399 14
85.2 22.17167 14
85.3 22.19926 14
85.4 22.22695 14
85.5 22.25455 14
85.6 22.28225 14
85.7 22.30987 14
85.8 22.33758 14
85.9 22.36521 14
86.0 22.39293 14
86.1 22.42057 14
86.2 22.40074 14
86.3 22.42826 14
86.4 22.45585 14
86.5 22.48338 14
86.6 22.77346 14
86.7 22.69866 14
86.8 22.65093 14
86.9 22.66132 14
87.0 22.70774 14
87.1 22.80601 14
87.2 22.93435 14
87.3 22.96079 14
87.4 22.96470 14
87.5 22.96284 14
87.6 22.95841 14
87.7 22.95393 14
87.8 22.94877 14
87.9 22.94423 14
88.0 22.93899 14
88.1 22.94334 14
88.2 22.93811 14
88.3 22.93357 14
88.4 22.95457 14
88.5 22.97835 14
88.6 23.00398 14
88.7 23.03150 14
88.8 23.05911 14
88.9 23.08663 14
89.0 23.11425 14
89.1 23.14177 14
89.2 23.16940 14
89.3 23.19694 14
89.4 23.22459 14
89.5 23.25225 14
89.6 23.27980 14
89.7 23.30747 14
89.8 23.33504 14
89.9 23.36272 14
90.0 23.33804 14
90.1 23.36559 14
90.2 23.39304 14
90.3 23.42060 14
90.4 23.70715 14
90.5 23.61194 14
90.6 23.58295 14
90.7 23.60119 14
90.8 23.65243 14
90.9 23.75777 14
91.0 23.88948 14
91.1 23.92298 14
91.2 23.92777 14
91.3 23.92493 14
91.4 23.92045 14
91.5 23.91526 14
91.6 23.90914 14
91.7 23.90364 14
91.8 23.89723 14
91.9 23.89170 14
92.0 23.89715 14
92.1 23.89165 14
92.2 23.88874 14
92.3 23.91268 14
92.4 23.93663 14
92.5 23.96205 14
92.6 23.98959 14
92.7 24.01702 14
92.8 24.04457 14
92.9 24.07201 14
93.0 24.09957 14
93.1 24.12713 14
93.2 24.15459 14
93.3 24.18213 14
93.4 24.20960 14
93.5 24.23718 14
93.6 24.26466 14
93.7 24.29225 14
93.8 24.31984 14
93.9 24.34734 14
94.0 24.31753 14
94.1 24.34490 14
94.2 24.37236 14
94.3 24.39974 14
94.4 24.72154 14
94.5 24.63569 14
94.6 24.58048 14
94.7 24.58259 14
94.8 24.61724 14
94.9 24.68757 14
95.0 24.60140 14
95.1 24.65682 14
95.2 24.76332 14
95.3 24.90434 14
95.4 24.94828 14
95.5 24.95369 14
95.6 24.95154 14
95.7 24.94582 14
95.8 24.93983 14
95.9 24.93351 14
96.0 24.94097 14
96.1 24.93472 14
96.2 24.92762 14
96.3 24.92119 14
96.4 24.91402 14
96.5 24.90757 14
96.6 24.90376 14
96.7 24.92755 14
96.8 24.95153 14
96.9 24.97597 14
97.0 25.00325 14
97.1 25.03054 14
97.2 25.05774 14
97.3 25.08504 14
97.4 25.11224 14
97.5 25.13955 14
97.6 25.16687 14
97.7 25.19408 14
97.8 25.22140 14
97.9 25.24859 14
98.0 25.27592 14
98.1 25.24075 14
98.2 25.26783 14
98.3 25.29502 14
98.4 25.32211 14
98.5 25.34931 14
98.6 25.37652 14
98.7 25.40362 14
98.8 25.43084 14
98.9 25.45795 14
99.0 25.78644 14
99.1 25.68457 14
99.2 25.63758 14
99.3 25.64170 14
99.4 25.67546 14
99.5 25.74111 14
99.6 25.86322 14
99.7 25.99727 14
99.8 26.04483 14
99.9 26.04934 14
100.0 26.04651 14
100.1 26.04071 14
100.2 26.04818 14
100.3 26.04327 14
100.4 26.03601 14
100.5 26.02889 14
100.6 26.02156 14
100.7 26.01341 14
100.8 26.00597 14
100.9 25.99780 14
101.0 25.99011 14
101.1 25.98943 14
101.2 26.01337 14
101.3 26.03749 14
101.4 26.06150 14
101.5 26.08867 14
101.6 26.11584 14
101.7 26.14290 14
101.8 26.17009 14
101.9 26.19727 14
102.0 26.22435 14
102.1 26.01575 14
102.2 26.03989 14
102.3 26.06540 14
102.4 26.02734 14
102.5 26.05239 14
102.6 26.07816 14
102.7 26.10522 14
102.8 26.13216 14
102.9 26.16066 14
103.0 26.18772 14
103.1 26.21467 14
103.2 26.00843 14
103.3 26.03245 14
103.4 26.05753 14
103.5 26.08552 14
103.6 26.11260 14
103.7 26.14102 14
103.8 26.16966 14
103.9 26.19675 14
104.0 26.22528 14
104.1 26.01788 14
104.2 26.04194 14
104.3 26.06917 14
104.4 26.09784 14
104.5 26.12495 14
104.6 26.07890 14
104.7 26.10742 14
104.8 26.13572 14
104.9 26.16424 14
105.0 26.19278 14
105.1 26.21966 14
105.2 26.01415 14
105.3 26.03950 14
105.4 26.06476 14
105.5 26.09487 14
105.6 26.12344 14
105.7 26.15333 14
105.8 26.18191 14
105.9 26.21040 14
106.0 26.00597 14
106.1 26.03275 14
106.2 26.05780 14
106.3 26.08736 14
106.4 26.11755 14
106.5 26.14594 14
106.6 26.17612 14
106.7 26.20623 14
106.8 26.00094 14
106.9 26.18388 14
107.0 26.21226 14
107.1 26.00754 14
107.2 26.03422 14
107.3 26.06042 14
107.4 26.09039 14
107.5 26.12208 14
107.6 26.15036 14
107.7 26.18043 14
107.8 26.21204 14
107.9 26.00738 14
108.0 26.03411 14
108.1 26.06189 14
108.2 26.09198 14
108.3 26.12372 14
108.4 26.15522 14
108.5 26.18537 14
108.6 26.21707 14
108.7 26.01190 14
108.8 26.03869 14
108.9 26.06863 14
109.0 26.09725 14
109.1 26.13054 14
109.2 26.07281 14
109.3 26.10284 14
109.4 26.13441 14
109.5 26.16432 14
109.6 26.19437 14
109.7 26.22772 14
109.8 26.02128 14
109.9 26.04943 14
110.0 26.07745 14
110.1 26.10754 14
110.2 26.14061 14
110.3 26.08149 14
110.4 26.11300 14
110.5 26.14434 14
110.6 26.17427 14
110.7 26.20414 14
110.8 26.00189 14
110.9 26.02865 14
111.0 26.05777 14
111.1 26.08712 14
111.2 26.11714 14
111.3 26.06084 14
111.4 26.09103 14
111.5 26.12089 14
111.6 26.15213 14
111.7 26.18197 14
111.8 26.21494 14
111.9 26.01010 14
112.0 26.03682 14
112.1 26.06469 14
112.2 26.09455 14
112.3 26.12606 14
112.4 26.06975 14
112.5 26.09833 14
112.6 26.13118 14
112.7 26.16079 14
112.8 26.19055 14
112.9 26.22186 14
113.0 26.01615 14
113.1 26.04439 14
113.2 26.07308 14
113.3 26.10287 14
113.4 26.13420 14
113.5 26.07625 14
113.6 26.10631 14
113.7 26.13916 14
113.8 26.16723 14
113.9 26.19848 14
114.0 26.22985 14
114.1 26.02318 14
114.2 26.05138 14
114.3 26.07926 14
114.4 26.10895 14
114.5 26.14163 14
114.6 26.08231 14
114.7 26.11387 14
114.8 26.14504 14
114.9 26.17458 14
115.0 26.20405 14
115.1 26.00146 14
115.2 26.02806 14
115.3 26.05722 14
115.4 26.08479 14
115.5 26.11596 14
115.6 26.05946 14
115.7 26.08908 14
115.8 26.11897 14
115.9 26.15029 14
116.0 26.17973 14
116.1 26.21070 14
116.2 26.00741 14
116.3 26.03396 14
116.4 26.06132 14
116.5 26.09125 14
116.6 26.12077 14
116.7 26.06393 14
116.8 26.09365 14
116.9 26.12504 14
117.0 26.15468 14
117.1 26.18426 14
117.2 26.21674 14
117.3 26.01125 14
117.4 26.03773 14
117.5 26.06568 14
117.6 26.09529 14
117.7 26.12654 14
117.8 26.06820 14
117.9 26.09783 14
118.0 26.12880 14
118.1 26.15999 14
118.2 26.18975 14
118.3 26.22057 14
118.4 26.01456 14
118.5 26.04095 14
118.6 26.07076 14
118.7 26.09872 14
118.8 26.13003 14
118.9 26.07321 14
119.0 26.10277 14
119.1 26.13391 14
119.2 26.16317 14
119.3 26.19283 14
119.4 26.22535 14
119.5 26.01735 14
119.6 26.04506 14
119.7 26.07370 14
119.8 26.10338 14
119.9 26.13437 14
120.0 26.07610 14
120.1 26.10557 14
120.2 26.13660 14
120.3 26.16577 14
120.4 26.19533 14
120.5 26.22775 14
120.6 26.01982 14
120.7 26.04725 14
120.8 26.07607 14
120.9 26.10566 14
121.0 26.13655 14
121.1 26.07816 14
121.2 26.10780 14
121.3 26.14019 14
121.4 26.16781 14
121.5 26.19727 14
121.6 26.22979 14
121.7 26.02300 14
121.8 26.04916 14
121.9 26.07790 14
122.0 26.10738 14
122.1 26.13963 14
122.2 26.07995 14
122.3 26.10950 14
122.4 26.14179 14
122.5 26.16955 14
122.6 26.20015 14
122.7 26.23110 14
122.8 26.02407 14
122.9 26.05181 14
123.0 26.07919 14
123.1 26.10858 14
123.2 26.14072 14
123.3 26.08094 14
123.4 26.11039 14
123.5 26.14286 14
123.6 26.17053 14
123.7 26.20103 14
123.8 26.23188 14
123.9 26.02467 14
124.0 26.05233 14
124.1 26.07996 14
124.2 26.10925 14
124.3 26.14130 14
124.4 26.08142 14
124.5 26.11077 14
124.6 26.14315 14
124.7 26.17101 14
124.8 26.20141 14
124.9 26.23216 14
125.0 26.02484 14
125.1 26.05241 14
125.2 26.07995 14
125.3 26.10944 14
125.4 26.14139 14
125.5 26.08141 14
125.6 26.11066 14
125.7 26.14294 14
125.8 26.17071 14
125.9 26.20131 14
126.0 26.23196 14
126.1 26.02457 14
126.2 26.05064 14
126.3 26.07945 14
126.4 26.10885 14
126.5 26.14100 14
126.6 26.08092 14
126.7 26.11008 14
126.8 26.14227 14
126.9 26.16993 14
127.0 26.19896 14
127.1 26.23130 14
127.2 26.02390 14
127.3 26.04987 14
127.4 26.07850 14
127.5 26.10779 14
127.6 26.13840 14
127.7 26.07972 14
127.8 26.10905 14
127.9 26.14114 14
128.0 26.16846 14
128.1 26.19764 14
128.2 26.22988 14
128.3 26.02144 14
128.4 26.04852 14
128.5 26.07710 14
128.6 26.10630 14
128.7 26.13681 14
128.8 26.07805 14
128.9 26.10760 14
129.0 26.13813 14
129.1 26.16681 14
129.2 26.19589 14
129.3 26.22784 14
129.4 26.01928 14
129.5 26.04699 14
129.6 26.07529 14
129.7 26.10257 14
129.8 26.13319 14
129.9 26.07595 14
130.0 26.10540 14
130.1 26.13617 14
130.2 26.16475 14
130.3 26.19373 14
130.4 26.22404 14
130.5 26.01719 14
130.6 26.04341 14
130.7 26.07153 14
130.8 26.10025 14
130.9 26.13078 14
131.0 26.07346 14
131.1 26.10097 14
131.2 26.13165 14
131.3 26.16230 14
131.4 26.19094 14
131.5 26.22140 14
131.6 26.01477 14
131.7 26.04064 14
131.8 26.06860 14
131.9 26.09757 14
132.0 26.12811 14
132.1 26.06885 14
132.2 26.09779 14
132.3 26.12842 14
132.4 26.15760 14
132.5 26.18646 14
132.6 26.21839 14
132.7 26.01201 14
132.8 26.03780 14
132.9 26.06507 14
133.0 26.09417 14
133.1 26.12312 14
133.2 26.06564 14
133.3 26.09448 14
133.4 26.12342 14
133.5 26.15410 14
133.6 26.18285 14
133.7 26.21343 14
133.8 26.00739 14
133.9 26.03305 14
134.0 26.06114 14
134.1 26.08888 14
134.2 26.11929 14
134.3 26.06209 14
134.4 26.09084 14
134.5 26.11968 14
134.6 26.14972 14
134.7 26.17862 14
134.8 26.20755 14
134.9 26.00405 14
135.0 26.02962 14
135.1 26.05778 14
135.2 26.08428 14
135.3 26.11325 14
135.4 26.14530 14
135.5 26.08511 14
135.6 26.11383 14
135.7 26.14558 14
135.8 26.17282 14
135.9 26.20291 14
136.0 25.99886 14
136.1 26.02593 14
136.2 26.05152 14
136.3 26.07993 14
136.4 26.10880 14
136.5 26.13899 14
136.6 26.07955 14
136.7 26.10880 14
136.8 26.13936 14
136.9 26.16771 14
137.0 26.19646 14
137.1 26.22655 14
137.2 26.01923 14
137.3 26.04667 14
137.4 26.07496 14
137.5 26.10191 14
137.6 26.13222 14
137.7 26.07467 14
137.8 26.10197 14
137.9 26.13246 14
138.0 26.16292 14
138.1 26.19133 14
138.2 26.22157 14
138.3 26.01472 14
138.4 26.04042 14
138.5 26.06816 14
138.6 26.09694 14
138.7 26.12541 14
138.8 26.06779 14
138.9 26.09653 14
139.0 26.12537 14
139.1 26.15595 14
139.2 26.18462 14
139.3 26.21473 14
139.4 26.00845 14
139.5 26.03401 14
139.6 26.06213 14
139.7 26.08948 14
139.8 26.12010 14
139.9 26.06243 14
140.0 26.08952 14
140.1 26.11982 14
140.2 26.14977 14
140.3 26.17859 14
140.4 26.20705 14
140.5 26.00354 14
140.6 26.02902 14
140.7 26.05603 14
140.8 26.08304 14
140.9 26.11192 14
141.0 26.14359 14
141.1 26.08364 14
141.2 26.11226 14
141.3 26.14355 14
141.4 26.17046 14
141.5 26.19923 14
141.6 26.23053 14
141.7 26.02142 14
141.8 26.04853 14
141.9 26.07670 14
142.0 26.10366 14
142.1 26.13398 14
142.2 26.07645 14
142.3 26.10378 14
142.4 26.13390 14
142.5 26.16399 14
142.6 26.19241 14
142.7 26.22268 14
142.8 26.01574 14
142.9 26.04146 14
143.0 26.06897 14
143.1 26.09738 14
143.2 26.12587 14
143.3 26.06828 14
143.4 26.09706 14
143.5 26.12553 14
143.6 26.15616 14
143.7 26.18446 14
143.8 26.21434 14
143.9 26.00800 14
144.0 26.03360 14
144.1 26.06170 14
144.2 26.08910 14
144.3 26.11777 14
144.4 26.14879 14
144.5 26.08844 14
144.6 26.11698 14
144.7 26.14878 14
144.8 26.17570 14
144.9 26.20544 14
145.0 26.00182 14
145.1 26.02757 14
145.2 26.05287 14
145.3 26.08150 14
145.4 26.11044 14
145.5 26.14029 14
145.6 26.08050 14
145.7 26.10941 14
145.8 26.13966 14
145.9 26.16807 14
146.0 26.19647 14
146.1 26.22664 14
146.2 26.01901 14
146.3 26.04475 14
146.4 26.07254 14
146.5 26.10068 14
146.6 26.13107 14
146.7 26.07187 14
146.8 26.10038 14
146.9 26.12859 14
147.0 26.15895 14
147.1 26.18740 14
147.2 26.21769 14
147.3 26.01280 14
147.4 26.03626 14
147.5 26.06443 14
147.6 26.09342 14
147.7 26.12197 14
147.8 26.06448 14
147.9 26.09292 14
148.0 26.12144 14
148.1 26.15118 14
148.2 26.17978 14
148.3 26.20804 14
148.4 26.00423 14
148.5 26.02951 14
148.6 26.05672 14
148.7 26.08360 14
148.8 26.11228 14
148.9 26.14228 14
149.0 26.08258 14
149.1 26.11131 14
149.2 26.14206 14
149.3 26.16987 14
149.4 26.19802 14
149.5 26.22793 14
149.6 26.02030 14
149.7 26.04620 14
149.8 26.07434 14
149.9 26.10223 14
