15.0 2.03877 13
15.1 2.07954 13
15.2 2.12106 13
15.3 2.16297 13
15.4 2.20453 13
15.5 2.24643 13
15.6 2.28867 13
15.7 2.33124 13
15.8 2.37413 13
15.9 2.41733 13
16.0 2.46083 13
16.1 2.47511 14
16.2 2.53593 14
16.3 2.59744 14
16.4 2.65965 14
16.5 2.72254 14
16.6 2.78612 14
16.7 2.85037 14
16.8 2.91530 14
16.9 2.98091 14
17.0 3.04717 14
17.1 3.11409 14
17.2 3.18167 14
17.3 3.24989 14
17.4 3.31876 14
17.5 3.38826 14
17.6 3.45839 14
17.7 3.52914 14
17.8 3.60050 14
17.9 3.67158 14
18.0 3.74429 14
18.1 3.81759 14
18.2 3.89150 14
18.3 3.96601 14
18.4 4.04109 14
18.5 4.12203 14
18.6 4.23011 14
18.7 4.33968 14
18.8 4.44945 14
18.9 4.56193 14
19.0 4.67588 14
19.1 4.79169 14
19.2 4.90904 14
19.3 5.02791 14
19.4 5.14829 14
19.5 5.27018 14
19.6 5.39168 14
19.7 5.51644 14
19.8 5.64267 14
19.9 5.77035 14
20.0 5.90010 14
20.1 6.03142 14
20.2 6.16186 14
20.3 6.29602 14
20.4 6.43164 14
20.5 6.56870 14
20.6 6.70719 14
20.7 6.91036 14
20.8 7.05165 14
20.9 7.19443 14
21.0 7.33864 14
21.1 7.48427 14
21.2 7.62794 14
21.3 7.71472 14
21.4 7.79318 14
21.5 7.87250 14
21.6 7.95224 14
21.7 8.02822 14
21.8 8.10778 14
21.9 8.18726 14
22.0 8.26663 14
22.1 8.34179 14
22.2 8.42217 14
22.3 8.50259 14
22.4 8.58289 14
22.5 8.65859 14
22.6 8.73834 14
22.7 8.81784 14
22.8 8.89329 14
22.9 8.97401 14
23.0 9.05449 14
23.1 9.12975 14
23.2 9.20944 14
23.3 9.28366 14
23.4 9.36310 14
23.5 9.43840 14
23.6 9.51843 14
23.7 9.59257 14
23.8 9.67151 14
23.9 9.74421 14
24.0 9.80581 14
24.1 9.86171 14
24.2 9.93947 14
24.3 10.01664 14
24.4 10.09313 14
24.5 10.16890 14
24.6 10.24585 14
24.7 10.32319 14
24.8 10.39986 14
24.9 10.47577 14
25.0 10.55086 14
25.1 10.62514 14
25.2 10.70180 14
25.3 10.77773 14
25.4 10.85279 14
25.5 10.92692 14
25.6 11.00003 14
25.7 11.07402 14
25.8 11.14892 14
25.9 11.22288 14
26.0 11.29583 14
26.1 11.36763 14
26.2 11.43858 14
26.3 11.51224 14
26.4 11.58488 14
26.5 11.65639 14
26.6 11.72665 14
26.7 11.79554 14
26.8 11.86650 14
26.9 11.93759 14
27.0 12.00743 14
27.1 12.07593 14
27.2 12.14286 14
27.3 12.21033 14
27.4 12.27958 14
27.5 12.34748 14
27.6 12.41389 14
27.7 12.47872 14
27.8 12.54247 14
27.9 12.60973 14
28.0 12.67558 14
28.1 12.73972 14
28.2 12.80211 14
28.3 12.86264 14
28.4 12.92668 14
28.5 12.99015 14
28.6 13.05194 14
28.7 13.11184 14
28.8 13.16963 14
28.9 13.22927 14
29.0 13.29023 14
29.1 13.34939 14
29.2 13.40659 14
29.3 13.46157 14
29.4 13.51625 14
29.5 13.57455 14
29.6 13.63097 14
29.7 13.68534 14
29.8 13.73733 14
29.9 13.78685 14
30.0 13.84191 14
30.1 13.89551 14
30.2 13.94691 14
30.3 13.99584 14
30.4 14.04226 14
30.5 14.09112 14
30.6 14.14182 14
30.7 14.19016 14
30.8 14.23612 14
30.9 14.27942 14
31.0 14.32093 14
31.1 14.36863 14
31.2 14.41408 14
31.3 14.45708 14
31.4 14.49721 14
31.5 14.53439 14
31.6 14.57493 14
31.7 14.61741 14
31.8 14.65739 14
31.9 14.69466 14
32.0 14.72894 14
32.1 14.75986 14
32.2 14.79894 14
32.3 14.83617 14
32.4 14.87058 14
32.5 14.90216 14
32.6 14.93039 14
32.7 14.95732 14
32.8 14.99191 14
32.9 15.02381 14
33.0 15.05283 14
33.1 15.07877 14
33.2 15.10116 14
33.3 15.12323 14
33.4 15.15282 14
33.5 15.17964 14
33.6 15.20353 14
33.7 15.22407 14
33.8 15.24112 14
33.9 15.25587 14
34.0 15.28082 14
34.1 15.30312 14
34.2 15.25643 14
34.3 15.27246 14
34.4 15.28126 14
34.5 15.26766 14
34.6 15.24088 14
34.7 15.14162 14
34.8 15.05564 14
34.9 14.89555 14
35.0 14.59324 14
35.1 13.66739 14
35.2 13.15136 14
35.3 12.48718 14
35.4 13.35457 14
35.5 12.67192 14
35.6 12.76486 14
35.7 12.85817 14
35.8 12.95186 14
35.9 13.69333 14
36.0 13.74078 14
36.1 13.23518 14
36.2 13.33037 14
36.3 13.87401 14
36.4 13.92413 14
36.5 13.95233 14
36.6 13.98997 14
36.7 14.05836 14
36.8 14.10138 14
36.9 14.14413 14
37.0 14.10541 14
37.1 14.19217 14
37.2 14.23519 14
37.3 14.32211 14
37.4 14.32121 14
37.5 14.38259 14
37.6 14.44899 14
37.7 14.46023 14
37.8 14.49322 14
37.9 14.57610 14
38.0 14.61670 14
38.1 14.65857 14
38.2 14.69168 14
38.3 14.70816 14
38.4 14.64489 14
38.5 14.65330 14
38.6 14.75349 14
38.7 14.72535 14
38.8 14.73442 14
38.9 14.79054 14
39.0 14.80969 14
39.1 14.81006 14
39.2 14.80641 14
39.3 14.68644 14
39.4 14.66570 14
39.5 14.54948 14
39.6 14.52839 14
39.7 14.53150 14
39.8 14.41951 14
39.9 14.35070 14
40.0 14.29650 14
40.1 14.25721 14
40.2 14.25692 14
40.3 14.19803 14
40.4 14.05012 14
40.5 13.97076 14
40.6 13.87812 14
40.7 13.90620 14
40.8 13.78043 14
40.9 13.71258 14
41.0 13.52925 14
41.1 13.41006 14
41.2 13.42863 14
41.3 13.32895 14
41.4 13.23903 14
41.5 13.10219 14
41.6 13.00748 14
41.7 12.95234 14
41.8 12.91398 14
41.9 12.91613 14
42.0 12.68622 14
42.1 12.58294 14
42.2 12.59933 14
42.3 12.56867 14
42.4 12.54143 14
42.5 12.33945 14
42.6 12.31940 14
42.7 12.25947 14
42.8 12.28787 14
42.9 12.27316 14
43.0 12.04731 14
43.1 12.02271 14
43.2 11.99748 14
43.3 11.93927 14
43.4 11.87384 14
43.5 11.94662 14
43.6 12.15010 14
43.7 12.19502 14
43.8 12.24189 14
43.9 12.24816 14
44.0 12.30381 14
44.1 12.37782 14
44.2 12.45207 14
44.3 12.68022 14
44.4 12.69990 14
44.5 12.76230 14
44.6 12.76639 14
44.7 12.81722 14
44.8 12.89568 14
44.9 12.97443 14
45.0 13.05356 14
45.1 13.13289 14
45.2 13.27274 14
45.3 13.47748 14
45.4 13.43807 14
45.5 13.55375 14
45.6 13.66294 14
45.7 13.71105 14
45.8 13.75272 14
45.9 13.79497 14
46.0 13.84883 14
46.1 13.93101 14
46.2 14.01357 14
46.3 14.09634 14
46.4 14.15000 14
46.5 14.18654 14
46.6 14.25101 14
46.7 14.34595 14
46.8 14.32757 14
46.9 14.37824 14
47.0 14.43191 14
47.1 14.45398 14
47.2 14.47273 14
47.3 14.49071 14
47.4 14.51245 14
47.5 14.54701 14
47.6 14.58366 14
47.7 14.62029 14
47.8 14.65696 14
47.9 14.69362 14
48.0 14.73032 14
48.1 14.78973 14
48.2 14.86627 14
48.3 14.87153 14
48.4 14.93958 14
48.5 14.97776 14
48.6 14.99732 14
48.7 15.01553 14
48.8 15.03307 14
48.9 15.05627 14
49.0 15.09220 14
49.1 15.12897 14
49.2 15.16580 14
49.3 15.20260 14
49.4 15.23946 14
49.5 15.27632 14
49.6 15.33934 14
49.7 15.42993 14
49.8 15.42011 14
49.9 15.48076 14
50.0 15.53285 14
50.1 15.55499 14
50.2 15.57253 14
50.3 15.59013 14
50.4 15.60818 14
50.5 15.63950 14
50.6 15.67650 14
50.7 15.71352 14
50.8 15.75051 14
50.9 15.78755 14
51.0 15.82458 14
51.1 15.86163 14
51.2 15.92356 14
51.3 16.00896 14
51.4 16.00737 14
51.5 16.07353 14
51.6 16.12427 14
51.7 16.14584 14
51.8 16.16339 14
51.9 16.18051 14
52.0 16.19754 14
52.1 16.22630 14
52.2 16.26348 14
52.3 16.30068 14
52.4 16.33790 14
52.5 16.37512 14
52.6 16.41233 14
52.7 16.44959 14
52.8 16.52068 14
52.9 16.63959 14
53.0 16.60965 14
53.1 16.63934 14
53.2 16.71700 14
53.3 16.75270 14
53.4 16.77159 14
53.5 16.78843 14
53.6 16.80501 14
53.7 16.82221 14
53.8 16.85323 14
53.9 16.89062 14
54.0 16.92798 14
54.1 16.96540 14
54.2 17.00283 14
54.3 17.04027 14
54.4 17.07774 14
54.5 17.11521 14
54.6 17.17697 14
54.7 17.25932 14
54.8 17.26662 14
54.9 17.33942 14
55.0 17.39380 14
55.1 17.41620 14
55.2 17.43298 14
55.3 17.44957 14
55.4 17.46556 14
55.5 17.48696 14
55.6 17.52107 14
55.7 17.55868 14
55.8 17.59630 14
55.9 17.63399 14
56.0 17.67164 14
56.1 17.70931 14
56.2 17.74703 14
56.3 17.78473 14
56.4 17.84941 14
56.5 17.94663 14
56.6 17.93953 14
56.7 17.99842 14
56.8 18.07253 14
56.9 18.10080 14
57.0 18.11793 14
57.1 18.13409 14
57.2 18.14951 14
57.3 18.16484 14
57.4 18.19265 14
57.5 18.22982 14
57.6 18.26701 14
57.7 18.30426 14
57.8 18.34148 14
57.9 18.37870 14
58.0 18.41599 14
58.1 18.45323 14
58.2 18.49054 14
58.3 18.55505 14
58.4 18.65365 14
58.5 18.64598 14
58.6 18.70021 14
58.7 18.78159 14
58.8 18.81304 14
58.9 18.83007 14
59.0 18.84543 14
59.1 18.85995 14
59.2 18.87438 14
59.3 18.89688 14
59.4 18.93070 14
59.5 18.96809 14
59.6 19.00554 14
59.7 19.04295 14
59.8 19.08042 14
59.9 19.11786 14
60.0 19.15530 14
60.1 19.19281 14
60.2 19.23028 14
60.3 19.29373 14
60.4 19.38924 14
60.5 19.38795 14
60.6 19.44665 14
60.7 19.53098 14
60.8 19.56325 14
60.9 19.58042 14
61.0 19.59466 14
61.1 19.60902 14
61.2 19.62275 14
61.3 19.64097 14
61.4 19.67260 14
61.5 19.71020 14
61.6 19.74782 14
61.7 19.78550 14
61.8 19.82313 14
61.9 19.86083 14
62.0 19.89850 14
62.1 19.93617 14
62.2 19.97391 14
62.3 20.01160 14
62.4 20.20331 14
62.5 20.15962 14
62.6 20.17224 14
62.7 20.24074 14
62.8 20.32300 14
62.9 20.35556 14
63.0 20.37161 14
63.1 20.38567 14
63.2 20.39877 14
63.3 20.41176 14
63.4 20.42662 14
63.5 20.45622 14
63.6 20.49411 14
63.7 20.53196 14
63.8 20.56981 14
63.9 20.60774 14
64.0 20.64562 14
64.1 20.68356 14
64.2 20.72147 14
64.3 20.75944 14
64.4 20.79737 14
64.5 20.87001 14
64.6 21.00915 14
64.7 20.97638 14
64.8 21.00019 14
64.9 21.07922 14
65.0 21.15755 14
65.1 21.19131 14
65.2 21.20665 14
65.3 21.21997 14
65.4 21.23228 14
65.5 21.24498 14
65.6 21.25710 14
65.7 21.28494 14
65.8 21.32055 14
65.9 21.35864 14
66.0 21.39681 14
66.1 21.43492 14
66.2 21.47311 14
66.3 21.51125 14
66.4 21.54946 14
66.5 21.58763 14
66.6 21.62581 14
66.7 21.66405 14
66.8 21.73505 14
66.9 21.87212 14
67.0 21.84202 14
67.1 21.87159 14
67.2 21.95593 14
67.3 22.03482 14
67.4 22.07338 14
67.5 22.08898 14
67.6 22.10106 14
67.7 22.11255 14
67.8 22.12444 14
67.9 22.13570 14
68.0 22.15770 14
68.1 22.19045 14
68.2 22.22886 14
68.3 22.26724 14
68.4 22.30568 14
68.5 22.34407 14
68.6 22.38248 14
68.7 22.42096 14
68.8 22.45939 14
68.9 22.49789 14
69.0 22.53634 14
69.1 22.57487 14
69.2 22.64626 14
69.3 22.78972 14
69.4 22.75785 14
69.5 22.78539 14
69.6 22.86344 14
69.7 22.95301 14
69.8 23.00442 14
69.9 23.02054 14
70.0 23.03267 14
70.1 23.04334 14
70.2 23.05434 14
70.3 23.06468 14
70.4 23.07620 14
70.5 23.10699 14
70.6 23.14342 14
70.7 23.18207 14
70.8 23.22080 14
70.9 23.25948 14
71.0 23.29823 14
71.1 23.33693 14
71.2 23.37571 14
71.3 23.41444 14
71.4 23.45324 14
71.5 23.49199 14
71.6 23.53082 14
71.7 23.56960 14
71.8 23.76872 14
71.9 23.73064 14
72.0 23.74374 14
72.1 23.80336 14
72.2 23.90665 14
72.3 23.97153 14
72.4 24.00648 14
72.5 24.01918 14
72.6 24.02912 14
72.7 24.03930 14
72.8 24.04867 14
72.9 24.05855 14
73.0 24.07330 14
73.1 24.10475 14
73.2 24.14232 14
73.3 24.18135 14
73.4 24.22032 14
73.5 24.25938 14
73.6 24.29838 14
73.7 24.33746 14
73.8 24.37649 14
73.9 24.41560 14
74.0 24.45465 14
74.1 24.49378 14
74.2 24.53286 14
74.3 24.57202 14
74.4 24.64143 14
74.5 24.78705 14
74.6 24.75926 14
74.7 24.79101 14
74.8 24.86881 14
74.9 24.96979 14
75.0 25.02940 14
75.1 25.06471 14
75.2 25.07543 14
75.3 25.08490 14
75.4 25.09330 14
75.5 25.10216 14
75.6 25.11026 14
75.7 25.12061 14
75.8 25.15238 14
75.9 25.18837 14
76.0 25.22767 14
76.1 25.26705 14
76.2 25.30637 14
76.3 25.34577 14
76.4 25.38512 14
76.5 25.42455 14
76.6 25.46392 14
76.7 25.50338 14
76.8 25.54278 14
76.9 25.58226 14
77.0 25.62169 14
77.1 25.66119 14
77.2 25.73088 14
77.3 25.88599 14
77.4 25.85477 14
77.5 25.88324 14
77.6 25.95383 14
77.7 26.06350 14
77.8 26.13162 14
77.9 26.17669 14
78.0 26.19660 14
78.1 26.20534 14
78.2 26.21267 14
78.3 26.22039 14
78.4 26.22801 14
78.5 26.23494 14
78.6 26.25209 14
78.7 26.28440 14
78.8 26.32237 14
78.9 26.36203 14
79.0 26.40177 14
79.1 26.44146 14
79.2 26.48123 14
79.3 26.52094 14
79.4 26.56074 14
79.5 26.60048 14
79.6 26.64029 14
79.7 26.68006 14
79.8 26.71991 14
79.9 26.75971 14
80.0 26.79958 14
80.1 26.83940 14
80.2 27.07881 14
80.3 27.03454 14
80.4 27.02881 14
80.5 27.06993 14
80.6 27.15545 14
80.7 27.26402 14
80.8 27.32886 14
80.9 27.37338 14
81.0 27.39878 14
81.1 27.40627 14
81.2 27.41231 14
81.3 27.41873 14
81.4 27.42439 14
81.5 27.43063 14
81.6 27.43828 14
81.7 27.47135 14
81.8 27.50668 14
81.9 27.54672 14
82.0 27.58685 14
82.1 27.62692 14
82.2 27.66708 14
82.3 27.70717 14
82.4 27.74736 14
82.5 27.78749 14
82.6 27.82770 14
82.7 27.86785 14
82.8 27.90809 14
82.9 27.94834 14
83.0 27.98853 14
83.1 28.02881 14
83.2 28.06903 14
83.3 28.39894 14
83.4 28.30328 14
83.5 28.27272 14
83.6 28.29901 14
83.7 28.36211 14
83.8 28.48199 14
83.9 28.56530 14
84.0 28.62825 14
84.1 28.66713 14
84.2 28.68813 14
84.3 28.69327 14
84.4 28.69844 14
84.5 28.70272 14
84.6 28.70756 14
84.7 28.71166 14
84.8 28.71639 14
84.9 28.74879 14
85.0 28.78316 14
85.1 28.82370 14
85.2 28.86418 14
85.3 28.90475 14
85.4 28.94525 14
85.5 28.98585 14
85.6 29.02638 14
85.7 29.06700 14
85.8 29.10764 14
85.9 29.14821 14
86.0 29.18887 14
86.1 29.22947 14
86.2 29.27016 14
86.3 29.31079 14
86.4 29.35151 14
86.5 29.39215 14
86.6 29.43289 14
86.7 29.65608 14
86.8 29.61082 14
86.9 29.62683 14
87.0 29.67835 14
87.1 29.77309 14
87.2 29.89070 14
87.3 29.95997 14
87.4 30.02927 14
87.5 30.05604 14
87.6 30.07199 14
87.7 30.07526 14
87.8 30.07875 14
87.9 30.08136 14
88.0 30.08457 14
88.1 30.08701 14
88.2 30.09011 14
88.3 30.12121 14
88.4 30.15543 14
88.5 30.19576 14
88.6 30.23669 14
88.7 30.27771 14
88.8 30.31867 14
88.9 30.35973 14
89.0 30.40079 14
89.1 30.44180 14
89.2 30.48289 14
89.3 30.52392 14
89.4 30.56504 14
89.5 30.60610 14
89.6 30.64725 14
89.7 30.68842 14
89.8 30.72952 14
89.9 30.77071 14
90.0 30.81184 14
90.1 30.85306 14
90.2 31.10861 14
90.3 31.05369 14
90.4 31.05524 14
90.5 31.09472 14
90.6 31.16805 14
90.7 31.30070 14
90.8 31.38811 14
90.9 31.47434 14
91.0 31.52785 14
91.1 31.54842 14
91.2 31.56075 14
91.3 31.56283 14
91.4 31.56376 14
91.5 31.56526 14
91.6 31.56666 14
91.7 31.56726 14
91.8 31.56854 14
91.9 31.59239 14
92.0 31.62753 14
92.1 31.66610 14
92.2 31.70752 14
92.3 31.74905 14
92.4 31.79049 14
92.5 31.83204 14
92.6 31.87352 14
92.7 31.91509 14
92.8 31.95669 14
92.9 31.99820 14
93.0 32.03982 14
93.1 32.08137 14
93.2 32.12302 14
93.3 32.16468 14
93.4 32.20627 14
93.5 32.24796 14
93.6 32.28957 14
93.7 32.33129 14
93.8 32.37303 14
93.9 32.41468 14
94.0 32.62975 14
94.1 32.59631 14
94.2 32.61644 14
94.3 32.66718 14
94.4 32.75431 14
94.5 32.89234 14
94.6 32.97751 14
94.7 33.08130 14
94.8 33.13546 14
94.9 33.15569 14
95.0 33.16334 14
95.1 33.16828 14
95.2 33.16799 14
95.3 33.16658 14
95.4 33.16597 14
95.5 33.16528 14
95.6 33.16364 14
95.7 33.16722 14
95.8 33.20294 14
95.9 33.23890 14
96.0 33.27996 14
96.1 33.32193 14
96.2 33.36400 14
96.3 33.40599 14
96.4 33.44810 14
96.5 33.49021 14
96.6 33.53225 14
96.7 33.57440 14
96.8 33.61656 14
96.9 33.65864 14
97.0 33.70083 14
97.1 33.74293 14
97.2 33.78515 14
97.3 33.82739 14
97.4 33.86954 14
97.5 33.91180 14
97.6 33.95398 14
97.7 33.99627 14
97.8 34.03858 14
97.9 34.08080 14
98.0 34.30342 14
98.1 34.26939 14
98.2 34.28721 14
98.3 34.33435 14
98.4 34.41285 14
98.5 34.54421 14
98.6 34.65603 14
98.7 34.76698 14
98.8 34.85513 14
98.9 34.89057 14
99.0 34.90336 14
99.1 34.90609 14
99.2 34.90910 14
99.3 34.90645 14
99.4 34.90265 14
99.5 34.89971 14
99.6 34.89671 14
99.7 34.89268 14
99.8 34.88956 14
99.9 34.92389 14
100.0 34.96072 14
100.1 35.00050 14
100.2 35.04306 14
100.3 35.08573 14
100.4 35.12831 14
100.5 35.17101 14
100.6 35.21373 14
100.7 35.25635 14
100.8 35.29910 14
100.9 35.34186 14
101.0 35.38453 14
101.1 35.42732 14
101.2 35.47002 14
101.3 35.51284 14
101.4 35.55567 14
101.5 35.59842 14
101.6 35.64128 14
101.7 35.68406 14
101.8 35.72695 14
101.9 35.76986 14
102.0 35.81268 14
102.1 35.85561 14
102.2 35.89857 14
102.3 36.10410 14
102.4 36.08539 14
102.5 36.10778 14
102.6 36.15747 14
102.7 36.23568 14
102.8 36.36354 14
102.9 36.49267 14
103.0 36.60763 14
103.1 36.72877 14
103.2 36.78050 14
103.3 36.79919 14
103.4 36.80434 14
103.5 36.80358 14
103.6 36.80230 14
103.7 36.79694 14
103.8 36.79142 14
103.9 36.78478 14
104.0 36.77910 14
104.1 36.77233 14
104.2 36.76655 14
104.3 36.79844 14
104.4 36.83601 14
104.5 36.87527 14
104.6 36.91858 14
104.7 36.96181 14
104.8 37.00515 14
104.9 37.04851 14
105.0 37.09178 14
105.1 37.13517 14
105.2 37.17847 14
105.3 37.22189 14
105.4 37.26533 14
105.5 37.30867 14
105.6 37.35214 14
105.7 37.39562 14
105.8 37.43901 14
105.9 37.48252 14
106.0 37.52593 14
106.1 37.56948 14
106.2 37.61304 14
106.3 37.65650 14
106.4 37.70010 14
106.5 37.74370 14
106.6 37.78721 14
106.7 37.83085 14
106.8 37.50371 14
106.9 37.54709 14
107.0 37.59062 14
107.1 37.63415 14
107.2 37.67757 14
107.3 37.72113 14
107.4 37.76476 14
107.5 37.80834 14
107.6 37.85195 14
107.7 37.52457 14
107.8 37.56803 14
107.9 37.61180 14
108.0 37.65517 14
108.1 37.69867 14
108.2 37.74219 14
108.3 37.78578 14
108.4 37.82963 14
108.5 37.50241 14
108.6 37.54570 14
108.7 37.58914 14
108.8 37.63285 14
108.9 37.67649 14
109.0 37.71996 14
109.1 37.76350 14
109.2 37.80699 14
109.3 37.85081 14
109.4 37.52334 14
109.5 37.56702 14
109.6 37.61071 14
109.7 37.65398 14
109.8 37.69770 14
109.9 37.74112 14
110.0 37.78495 14
110.1 37.82870 14
110.2 37.50139 14
110.3 37.54490 14
110.4 37.58825 14
110.5 37.63219 14
110.6 37.67574 14
110.7 37.71911 14
110.8 37.76288 14
110.9 37.80628 14
111.0 37.85033 14
111.1 37.52278 14
111.2 37.56636 14
111.3 37.61028 14
111.4 37.65346 14
111.5 37.69742 14
111.6 37.74075 14
111.7 37.78448 14
111.8 37.82847 14
111.9 37.87185 14
112.0 37.54482 14
112.1 37.58808 14
112.2 37.63193 14
112.3 37.67539 14
112.4 37.71900 14
112.5 37.76267 14
112.6 37.80632 14
112.7 37.85028 14
112.8 37.52263 14
112.9 37.56646 14
113.0 37.61028 14
113.1 37.65372 14
113.2 37.69759 14
113.3 37.74082 14
113.4 37.78480 14
113.5 37.82837 14
113.6 37.50156 14
113.7 37.54522 14
113.8 37.58839 14
113.9 37.63249 14
114.0 37.67585 14
114.1 37.71972 14
114.2 37.76330 14
114.3 37.80686 14
114.4 37.85107 14
114.5 37.52333 14
114.6 37.56742 14
114.7 37.61116 14
114.8 37.65450 14
114.9 37.69827 14
115.0 37.74177 14
115.1 37.78566 14
115.2 37.82983 14
115.3 37.50259 14
115.4 37.54616 14
115.5 37.58959 14
115.6 37.63360 14
115.7 37.67724 14
115.8 37.72102 14
115.9 37.76451 14
116.0 37.80834 14
116.1 37.85246 14
116.2 37.52499 14
116.3 37.56899 14
116.4 37.61263 14
116.5 37.65625 14
116.6 37.69994 14
116.7 37.74372 14
116.8 37.78752 14
116.9 37.83160 14
117.0 37.50425 14
117.1 37.54810 14
117.2 37.59145 14
117.3 37.63574 14
117.4 37.67929 14
117.5 37.72298 14
117.6 37.76710 14
117.7 37.81049 14
117.8 37.85491 14
117.9 37.52734 14
118.0 37.57125 14
118.1 37.61518 14
118.2 37.65871 14
118.3 37.70269 14
118.4 37.74638 14
118.5 37.79045 14
118.6 37.83447 14
118.7 37.50739 14
118.8 37.55117 14
118.9 37.59481 14
119.0 37.63863 14
119.1 37.68209 14
119.2 37.72608 14
119.3 37.77011 14
119.4 37.81381 14
119.5 37.85814 14
119.6 37.53078 14
119.7 37.57468 14
119.8 37.61852 14
119.9 37.66237 14
120.0 37.70661 14
120.1 37.74986 14
120.2 37.79424 14
120.3 37.83816 14
120.4 37.51139 14
120.5 37.55508 14
120.6 37.59863 14
120.7 37.64266 14
120.8 37.68686 14
120.9 37.73004 14
121.0 37.77439 14
121.1 37.81800 14
121.2 37.86224 14
121.3 37.53519 14
121.4 37.57903 14
121.5 37.62352 14
121.6 37.66692 14
121.7 37.71108 14
121.8 37.75516 14
121.9 37.79895 14
122.0 37.84321 14
122.1 37.51632 14
122.2 37.55993 14
122.3 37.60409 14
122.4 37.64774 14
122.5 37.69229 14
122.6 37.73616 14
122.7 37.78004 14
122.8 37.82317 14
122.9 37.86774 14
123.0 37.54058 14
123.1 37.58477 14
123.2 37.62916 14
123.3 37.67249 14
123.4 37.71698 14
123.5 37.76086 14
123.6 37.80511 14
123.7 37.84928 14
123.8 37.52218 14
123.9 37.56660 14
124.0 37.61063 14
124.1 37.65469 14
124.2 37.69878 14
124.3 37.74257 14
124.4 37.78636 14
124.5 37.83096 14
124.6 37.50395 14
124.7 37.54823 14
124.8 37.59160 14
124.9 37.63591 14
125.0 37.67990 14
125.1 37.72400 14
125.2 37.76858 14
125.3 37.81241 14
125.4 37.85685 14
125.5 37.52972 14
125.6 37.57406 14
125.7 37.61801 14
125.8 37.66243 14
125.9 37.70644 14
126.0 37.75015 14
126.1 37.79511 14
126.2 37.83914 14
126.3 37.51252 14
126.4 37.55677 14
126.5 37.60043 14
126.6 37.64461 14
126.7 37.68895 14
126.8 37.73312 14
126.9 37.77720 14
127.0 37.82095 14
127.1 37.86576 14
127.2 37.53883 14
127.3 37.58281 14
127.4 37.62791 14
127.5 37.67145 14
127.6 37.71573 14
127.7 37.76031 14
127.8 37.80434 14
127.9 37.84877 14
128.0 37.52235 14
128.1 37.56656 14
128.2 37.61085 14
128.3 37.65515 14
128.4 37.69950 14
128.5 37.74354 14
128.6 37.78757 14
128.7 37.83242 14
128.8 37.50565 14
128.9 37.54972 14
129.0 37.59383 14
129.1 37.63838 14
129.2 37.68217 14
129.3 37.72699 14
129.4 37.77136 14
129.5 37.81546 14
129.6 37.86062 14
129.7 37.53359 14
129.8 37.57788 14
129.9 37.62255 14
130.0 37.66631 14
130.1 37.71143 14
130.2 37.75549 14
130.3 37.79979 14
130.4 37.84458 14
130.5 37.51773 14
130.6 37.56227 14
130.7 37.60695 14
130.8 37.65064 14
130.9 37.69616 14
131.0 37.74008 14
131.1 37.78449 14
131.2 37.82927 14
131.3 37.50282 14
131.4 37.54686 14
131.5 37.59124 14
131.6 37.63568 14
131.7 37.68001 14
131.8 37.72503 14
131.9 37.76894 14
132.0 37.81376 14
132.1 37.85880 14
132.2 37.53184 14
132.3 37.57682 14
132.4 37.62092 14
132.5 37.66551 14
132.6 37.71051 14
132.7 37.75401 14
132.8 37.79964 14
132.9 37.84431 14
133.0 37.51735 14
133.1 37.56227 14
133.2 37.60684 14
133.3 37.65142 14
133.4 37.69635 14
133.5 37.74063 14
133.6 37.78543 14
133.7 37.83010 14
133.8 37.50353 14
133.9 37.54847 14
134.0 37.59274 14
134.1 37.63758 14
134.2 37.68211 14
134.3 37.72670 14
134.4 37.77187 14
134.5 37.81623 14
134.6 37.86116 14
134.7 37.53491 14
134.8 37.57950 14
134.9 37.62442 14
135.0 37.66896 14
135.1 37.71385 14
135.2 37.75871 14
135.3 37.80328 14
135.4 37.84784 14
135.5 37.52261 14
135.6 37.56744 14
135.7 37.61107 14
135.8 37.65687 14
135.9 37.70136 14
136.0 37.74559 14
136.1 37.79080 14
136.2 37.83579 14
136.3 37.50970 14
136.4 37.55442 14
136.5 37.59861 14
136.6 37.64426 14
136.7 37.68840 14
136.8 37.73289 14
136.9 37.77848 14
137.0 37.82274 14
137.1 37.86863 14
137.2 37.54273 14
137.3 37.58673 14
137.4 37.63243 14
137.5 37.67701 14
137.6 37.72132 14
137.7 37.76753 14
137.8 37.81209 14
137.9 37.85696 14
138.0 37.53125 14
138.1 37.57598 14
138.2 37.62142 14
138.3 37.66628 14
138.4 37.71067 14
138.5 37.75586 14
138.6 37.80125 14
138.7 37.84567 14
138.8 37.52057 14
138.9 37.56526 14
139.0 37.61012 14
139.1 37.65588 14
139.2 37.70068 14
139.3 37.74586 14
139.4 37.79093 14
139.5 37.83579 14
139.6 37.51065 14
139.7 37.55524 14
139.8 37.59930 14
139.9 37.64591 14
140.0 37.69031 14
140.1 37.73537 14
140.2 37.78083 14
140.3 37.82496 14
140.4 37.87182 14
140.5 37.54579 14
140.6 37.58966 14
140.7 37.63683 14
140.8 37.68078 14
140.9 37.72607 14
141.0 37.77215 14
141.1 37.81659 14
141.2 37.86289 14
141.3 37.53690 14
141.4 37.58123 14
141.5 37.62807 14
141.6 37.67236 14
141.7 37.71699 14
141.8 37.76364 14
141.9 37.80856 14
142.0 37.85405 14
142.1 37.52908 14
142.2 37.57365 14
142.3 37.61953 14
142.4 37.66476 14
142.5 37.70900 14
142.6 37.75571 14
142.7 37.80095 14
142.8 37.84522 14
142.9 37.52109 14
143.0 37.56562 14
143.1 37.61255 14
143.2 37.65763 14
143.3 37.70229 14
143.4 37.74844 14
143.5 37.79337 14
143.6 37.83809 14
143.7 37.51485 14
143.8 37.55893 14
143.9 37.60434 14
144.0 37.65044 14
144.1 37.69503 14
144.2 37.74264 14
144.3 37.78754 14
144.4 37.83064 14
144.5 37.50861 14
144.6 37.55303 14
144.7 37.59650 14
144.8 37.64507 14
144.9 37.68891 14
145.0 37.73531 14
145.1 37.78118 14
145.2 37.82515 14
145.3 37.50278 14
145.4 37.54736 14
145.5 37.59107 14
145.6 37.63978 14
145.7 37.68357 14
145.8 37.72915 14
145.9 37.77669 14
146.0 37.82063 14
146.1 37.86902 14
146.2 37.54232 14
146.3 37.58649 14
146.4 37.63526 14
146.5 37.67953 14
146.6 37.72352 14
146.7 37.77226 14
146.8 37.81651 14
146.9 37.86376 14
147.0 37.53875 14
147.1 37.58290 14
147.2 37.63164 14
147.3 37.67589 14
147.4 37.71986 14
147.5 37.76916 14
147.6 37.81339 14
147.7 37.86017 14
147.8 37.53529 14
147.9 37.57968 14
148.0 37.62751 14
148.1 37.67278 14
148.2 37.71721 14
148.3 37.76598 14
148.4 37.81069 14
148.5 37.85599 14
148.6 37.53315 14
148.7 37.57753 14
148.8 37.62488 14
148.9 37.67058 14
149.0 37.71498 14
149.1 37.76374 14
149.2 37.80903 14
149.3 37.85430 14
149.4 37.53145 14
149.5 37.57580 14
149.6 37.62262 14
149.7 37.66942 14
149.8 37.71380 14
149.9 37.76194 14
