15.0 2.29251 13
15.1 2.33666 13
15.2 2.38124 13
15.3 2.42623 13
15.4 2.47164 13
15.5 2.49279 14
15.6 2.55662 14
15.7 2.62133 14
15.8 2.68692 14
15.9 2.75338 14
16.0 2.82071 14
16.1 2.88892 14
16.2 2.95800 14
16.3 3.02797 14
16.4 3.09881 14
16.5 3.17052 14
16.6 3.24312 14
16.7 3.31660 14
16.8 3.40931 14
16.9 3.51841 14
17.0 3.62966 14
17.1 3.74309 14
17.2 3.85906 14
17.3 3.97694 14
17.4 4.09707 14
17.5 4.21949 14
17.6 4.34421 14
17.7 4.47127 14
17.8 4.60069 14
17.9 4.73250 14
18.0 4.86672 14
18.1 5.00339 14
18.2 5.14253 14
18.3 5.28417 14
18.4 5.42834 14
18.5 5.57507 14
18.6 5.72438 14
18.7 5.87631 14
18.8 6.03089 14
18.9 6.18814 14
19.0 6.34810 14
19.1 6.51080 14
19.2 6.67627 14
19.3 6.84454 14
19.4 7.01564 14
19.5 7.18960 14
19.6 7.43270 14
19.7 7.61166 14
19.8 7.79356 14
19.9 7.97846 14
20.0 8.16638 14
20.1 8.35735 14
20.2 8.53122 14
20.3 8.64419 14
20.4 8.75814 14
20.5 8.87306 14
20.6 8.98895 14
20.7 9.10581 14
20.8 9.22366 14
20.9 9.34249 14
21.0 9.46231 14
21.1 9.58311 14
21.2 9.70491 14
21.3 9.82770 14
21.4 9.95150 14
21.5 10.07630 14
21.6 10.20209 14
21.7 10.32891 14
21.8 10.45674 14
21.9 10.58558 14
22.0 10.71544 14
22.1 10.84633 14
22.2 10.97825 14
22.3 11.11119 14
22.4 11.24516 14
22.5 11.38018 14
22.6 11.51624 14
22.7 11.65334 14
22.8 11.79149 14
22.9 11.93068 14
23.0 12.07095 14
23.1 12.21227 14
23.2 12.35464 14
23.3 12.49807 14
23.4 12.64258 14
23.5 12.78818 14
23.6 12.93485 14
23.7 13.08258 14
23.8 13.23139 14
23.9 13.38130 14
24.0 13.53231 14
24.1 13.68443 14
24.2 13.83760 14
24.3 13.99189 14
24.4 14.14728 14
24.5 14.30380 14
24.6 14.46143 14
24.7 14.62017 14
24.8 14.78000 14
24.9 14.94097 14
25.0 15.10307 14
25.1 15.26632 14
25.2 15.43070 14
25.3 15.59621 14
25.4 15.76283 14
25.5 15.93060 14
25.6 16.09954 14
25.7 16.26963 14
25.8 16.44090 14
25.9 16.61333 14
26.0 16.78686 14
26.1 16.96156 14
26.2 17.13742 14
26.3 17.31445 14
26.4 17.49264 14
26.5 17.67200 14
26.6 17.85253 14
26.7 18.03425 14
26.8 18.21717 14
26.9 18.40130 14
27.0 18.58664 14
27.1 18.77320 14
27.2 18.96098 14
27.3 19.14999 14
27.4 19.34023 14
27.5 19.53171 14
27.6 19.72443 14
27.7 19.91839 14
27.8 20.11359 14
27.9 20.31006 14
28.0 20.50778 14
28.1 20.70676 14
28.2 20.90701 14
28.3 21.10853 14
28.4 21.31133 14
28.5 21.51541 14
28.6 21.72077 14
28.7 21.92742 14
28.8 22.13537 14
28.9 22.34461 14
29.0 22.55516 14
29.1 22.76701 14
29.2 22.98019 14
29.3 23.19467 14
29.4 23.41048 14
29.5 23.62762 14
29.6 23.84609 14
29.7 24.06589 14
29.8 24.28704 14
29.9 24.50953 14
30.0 24.73337 14
30.1 24.95856 14
30.2 25.18513 14
30.3 25.41305 14
30.4 25.64234 14
30.5 25.87301 14
30.6 26.10506 14
30.7 26.33849 14
30.8 26.57332 14
30.9 26.80289 14
31.0 27.04041 14
31.1 27.27933 14
31.2 27.51965 14
31.3 27.76139 14
31.4 28.00455 14
31.5 28.24913 14
31.6 28.49514 14
31.7 28.74258 14
31.8 28.99147 14
31.9 29.24179 14
32.0 29.49356 14
32.1 29.74679 14
32.2 29.89885 14
32.3 30.15467 14
32.4 30.41190 14
32.5 30.67087 14
32.6 30.93105 14
32.7 31.03196 14
32.8 31.23919 14
32.9 31.33336 14
33.0 31.42762 14
33.1 31.35840 14
33.2 31.45281 14
33.3 31.54730 14
33.4 31.64171 14
33.5 31.57081 14
33.6 31.66566 14
33.7 31.76020 14
33.8 31.85498 14
33.9 31.78236 14
34.0 31.87729 14
34.1 31.97215 14
34.2 32.06725 14
34.3 32.16204 14
34.4 32.08790 14
34.5 32.18298 14
34.6 32.27794 14
34.7 32.36928 14
34.8 32.28914 14
34.9 32.38056 14
35.0 32.47179 14
35.1 32.56295 14
35.2 32.65366 14
35.3 32.56087 14
35.4 32.65154 14
35.5 32.74228 14
35.6 32.83266 14
35.7 32.74731 14
35.8 32.83863 14
35.9 32.92979 14
36.0 33.02076 14
36.1 33.11164 14
36.2 31.51275 14
36.3 30.09396 14
36.4 27.14828 14
36.5 25.72699 14
36.6 22.76089 14
36.7 19.80487 14
36.8 18.39257 14
36.9 15.44467 14
37.0 14.41468 14
37.1 14.42683 14
37.2 14.35076 14
37.3 14.35192 14
37.4 14.38251 14
37.5 14.42218 14
37.6 14.45268 14
37.7 14.49398 14
37.8 14.53842 14
37.9 14.57604 14
38.0 14.61782 14
38.1 14.64730 14
38.2 14.68383 14
38.3 14.73131 14
38.4 14.77692 14
38.5 14.81222 14
38.6 14.84191 14
38.7 14.87515 14
38.8 14.92079 14
38.9 14.96796 14
39.0 15.00968 14
39.1 15.04861 14
39.2 15.06714 14
39.3 15.11081 14
39.4 15.15891 14
39.5 15.20166 14
39.6 15.24085 14
39.7 15.27925 14
39.8 15.31753 14
39.9 15.35577 14
40.0 15.39341 14
40.1 15.43286 14
40.2 15.47126 14
40.3 15.50949 14
40.4 15.54768 14
40.5 15.58586 14
40.6 15.62752 14
40.7 15.66304 14
40.8 15.70122 14
40.9 15.73936 14
41.0 15.77748 14
41.1 15.81847 14
41.2 15.86619 14
41.3 15.91392 14
41.4 15.93079 14
41.5 15.96885 14
41.6 16.00991 14
41.7 16.05770 14
41.8 16.10550 14
41.9 16.15332 14
42.0 16.20114 14
42.1 16.20188 14
42.2 16.24974 14
42.3 16.29761 14
42.4 16.34550 14
42.5 16.39339 14
42.6 16.44129 14
42.7 16.48921 14
42.8 16.49027 14
42.9 16.53822 14
43.0 16.58619 14
43.1 16.63416 14
43.2 16.68214 14
43.3 16.83030 14
43.4 16.86868 14
43.5 16.77954 14
43.6 16.82758 14
43.7 16.97776 14
43.8 17.02290 14
43.9 17.06927 14
44.0 17.09880 14
44.1 17.02159 14
44.2 17.17284 14
44.3 17.21473 14
44.4 17.25889 14
44.5 17.28608 14
44.6 17.31892 14
44.7 17.36666 14
44.8 17.40544 14
44.9 17.44585 14
45.0 17.47334 14
45.1 17.51321 14
45.2 17.56397 14
45.3 17.61063 14
45.4 17.63072 14
45.5 17.66331 14
45.6 17.71081 14
45.7 17.76075 14
45.8 17.80389 14
45.9 17.84319 14
46.0 17.85864 14
46.1 17.90971 14
46.2 17.95569 14
46.3 17.99603 14
46.4 18.03452 14
46.5 18.05837 14
46.6 18.10682 14
46.7 18.14856 14
46.8 18.18736 14
46.9 18.22536 14
47.0 18.26321 14
47.1 18.30064 14
47.2 18.33978 14
47.3 18.37787 14
47.4 18.41567 14
47.5 18.45249 14
47.6 18.49204 14
47.7 18.53016 14
47.8 18.56793 14
47.9 18.60563 14
48.0 18.64411 14
48.1 18.68226 14
48.2 18.71999 14
48.3 18.75762 14
48.4 18.79602 14
48.5 18.83414 14
48.6 18.87182 14
48.7 18.90940 14
48.8 18.94778 14
48.9 18.98580 14
49.0 19.02343 14
49.1 19.05996 14
49.2 19.09937 14
49.3 19.13726 14
49.4 19.16878 14
49.5 19.21184 14
49.6 19.22297 14
49.7 19.27359 14
49.8 19.30143 14
49.9 19.33297 14
50.0 19.37951 14
50.1 19.39334 14
50.2 19.27931 14
50.3 19.29341 14
50.4 19.30165 14
50.5 19.34297 14
50.6 19.37907 14
50.7 19.41065 14
50.8 19.45195 14
50.9 19.50119 14
51.0 19.54701 14
51.1 19.58617 14
51.2 19.62278 14
51.3 19.65877 14
51.4 19.69462 14
51.5 19.73042 14
51.6 19.76659 14
51.7 19.97592 14
51.8 20.02252 14
51.9 20.06147 14
52.0 20.08950 14
52.1 20.13719 14
52.2 20.18068 14
52.3 20.22598 14
52.4 20.25641 14
52.5 20.29226 14
52.6 20.34001 14
52.7 20.38985 14
52.8 20.43289 14
52.9 20.47093 14
53.0 20.50739 14
53.1 20.54378 14
53.2 20.57980 14
53.3 20.61579 14
53.4 20.65249 14
53.5 20.70053 14
53.6 20.75022 14
53.7 20.79993 14
53.8 20.99448 14
53.9 21.02281 14
54.0 21.07189 14
54.1 21.11960 14
54.2 21.16260 14
54.3 21.19163 14
54.4 21.22996 14
54.5 21.28044 14
54.6 21.33074 14
54.7 21.37351 14
54.8 21.41181 14
54.9 21.44843 14
55.0 21.48470 14
55.1 21.52114 14
55.2 21.55727 14
55.3 21.59396 14
55.4 21.63943 14
55.5 21.68919 14
55.6 21.73896 14
55.7 21.78873 14
55.8 21.83851 14
55.9 22.01632 14
56.0 22.05626 14
56.1 22.10631 14
56.2 22.15913 14
56.3 22.18878 14
56.4 22.22193 14
56.5 22.27015 14
56.6 22.32366 14
56.7 22.37034 14
56.8 22.41045 14
56.9 22.44766 14
57.0 22.48441 14
57.1 22.52098 14
57.2 22.55721 14
57.3 22.59365 14
57.4 22.63104 14
57.5 22.67901 14
57.6 22.72882 14
57.7 22.77862 14
57.8 22.82843 14
57.9 22.87823 14
58.0 22.92803 14
58.1 22.97784 14
58.2 23.14424 14
58.3 23.19406 14
58.4 23.25171 14
58.5 23.28314 14
58.6 23.31304 14
58.7 23.36034 14
58.8 23.41617 14
58.9 23.46558 14
59.0 23.50715 14
59.1 23.54513 14
59.2 23.58176 14
59.3 23.61835 14
59.4 23.65485 14
59.5 23.69129 14
59.6 23.72768 14
59.7 23.76896 14
59.8 23.81875 14
59.9 23.86855 14
60.0 23.91835 14
60.1 23.96815 14
60.2 24.01795 14
60.3 24.06774 14
60.4 24.11753 14
60.5 24.16732 14
60.6 24.21711 14
60.7 24.38921 14
60.8 24.44032 14
60.9 24.48148 14
61.0 24.50644 14
61.1 24.54480 14
61.2 24.59210 14
61.3 24.64393 14
61.4 24.69464 14
61.5 24.74124 14
61.6 24.78383 14
61.7 24.82380 14
61.8 24.86242 14
61.9 24.90044 14
62.0 24.93818 14
62.1 24.97582 14
62.2 25.01341 14
62.3 25.05099 14
62.4 25.08853 14
62.5 25.12607 14
62.6 25.16385 14
62.7 25.20186 14
62.8 25.24375 14
62.9 25.29020 14
63.0 25.33667 14
63.1 25.38314 14
63.2 25.42963 14
63.3 25.47614 14
63.4 25.52265 14
63.5 25.56918 14
63.6 25.61574 14
63.7 25.66229 14
63.8 25.70886 14
63.9 25.75545 14
64.0 25.80204 14
64.1 25.84865 14
64.2 25.89528 14
64.3 25.94192 14
64.4 25.98857 14
64.5 26.03523 14
64.6 26.21815 14
64.7 26.26218 14
64.8 26.30671 14
64.9 26.33147 14
65.0 26.35901 14
65.1 26.39796 14
65.2 26.44792 14
65.3 26.50301 14
65.4 26.55615 14
65.5 26.60420 14
65.6 26.64762 14
65.7 26.68807 14
65.8 26.72722 14
65.9 26.76548 14
66.0 26.80346 14
66.1 26.84129 14
66.2 26.87931 14
66.3 26.91706 14
66.4 26.95480 14
66.5 26.99276 14
66.6 27.03047 14
66.7 27.06817 14
66.8 27.10776 14
66.9 27.15211 14
67.0 27.19909 14
67.1 27.24607 14
67.2 27.29307 14
67.3 27.34008 14
67.4 27.38710 14
67.5 27.43414 14
67.6 27.48119 14
67.7 27.52825 14
67.8 27.57533 14
67.9 27.62242 14
68.0 27.66953 14
68.1 27.71664 14
68.2 27.76377 14
68.3 27.81092 14
68.4 27.85807 14
68.5 27.90524 14
68.6 27.95242 14
68.7 27.99962 14
68.8 28.04682 14
68.9 28.24198 14
69.0 28.28161 14
69.1 28.30416 14
69.2 28.33003 14
69.3 28.36810 14
69.4 28.41852 14
69.5 28.47554 14
69.6 28.53206 14
69.7 28.58341 14
69.8 28.62937 14
69.9 28.67158 14
70.0 28.71144 14
70.1 28.75043 14
70.2 28.78874 14
70.3 28.82705 14
70.4 28.86503 14
70.5 28.90319 14
70.6 28.94132 14
70.7 28.97923 14
70.8 29.01734 14
70.9 29.05520 14
71.0 29.09330 14
71.1 29.13262 14
71.2 29.17549 14
71.3 29.22300 14
71.4 29.27052 14
71.5 29.31806 14
71.6 29.36560 14
71.7 29.41317 14
71.8 29.46075 14
71.9 29.50833 14
72.0 29.55594 14
72.1 29.60355 14
72.2 29.65118 14
72.3 29.69882 14
72.4 29.74648 14
72.5 29.79414 14
72.6 29.84182 14
72.7 29.88952 14
72.8 29.93722 14
72.9 29.98494 14
73.0 30.03268 14
73.1 30.08042 14
73.2 30.12818 14
73.3 30.17595 14
73.4 30.38506 14
73.5 30.40900 14
73.6 30.42928 14
73.7 30.45816 14
73.8 30.50142 14
73.9 30.55665 14
74.0 30.61703 14
74.1 30.67554 14
74.2 30.72807 14
74.3 30.77491 14
74.4 30.81773 14
74.5 30.85803 14
74.6 30.89732 14
74.7 30.93606 14
74.8 30.97458 14
74.9 31.01272 14
75.0 31.05104 14
75.1 31.08932 14
75.2 31.12760 14
75.3 31.16563 14
75.4 31.20387 14
75.5 31.24210 14
75.6 31.28032 14
75.7 31.32078 14
75.8 31.36475 14
75.9 31.41283 14
76.0 31.46093 14
76.1 31.50904 14
76.2 31.55716 14
76.3 31.60529 14
76.4 31.65344 14
76.5 31.70160 14
76.6 31.74977 14
76.7 31.79796 14
76.8 31.84615 14
76.9 31.89437 14
77.0 31.94259 14
77.1 31.99083 14
77.2 32.03908 14
77.3 32.08735 14
77.4 32.13563 14
77.5 32.18391 14
77.6 32.23221 14
77.7 32.28053 14
77.8 32.32886 14
77.9 32.37721 14
78.0 32.42556 14
78.1 32.65063 14
78.2 32.67228 14
78.3 32.68841 14
78.4 32.71383 14
78.5 32.75383 14
78.6 32.80830 14
78.7 32.87110 14
78.8 32.93423 14
78.9 32.99213 14
79.0 33.04335 14
79.1 33.08911 14
79.2 33.13135 14
79.3 33.17143 14
79.4 33.21071 14
79.5 33.24955 14
79.6 33.28815 14
79.7 33.32664 14
79.8 33.36507 14
79.9 33.40348 14
80.0 33.44189 14
80.1 33.48027 14
80.2 33.51863 14
80.3 33.55699 14
80.4 33.59534 14
80.5 33.63529 14
80.6 33.67697 14
80.7 33.72466 14
80.8 33.77334 14
80.9 33.82205 14
81.0 33.87076 14
81.1 33.91949 14
81.2 33.96822 14
81.3 34.01698 14
81.4 34.06574 14
81.5 34.11452 14
81.6 34.16331 14
81.7 34.21212 14
81.8 34.26093 14
81.9 34.30976 14
82.0 34.35861 14
82.1 34.40746 14
82.2 34.45633 14
82.3 34.50522 14
82.4 34.55411 14
82.5 34.60302 14
82.6 34.65194 14
82.7 34.70088 14
82.8 34.74982 14
82.9 34.79878 14
83.0 34.84776 14
83.1 35.08029 14
83.2 35.09390 14
83.3 35.10867 14
83.4 35.13479 14
83.5 35.17744 14
83.6 35.23562 14
83.7 35.30245 14
83.8 35.36948 14
83.9 35.43077 14
84.0 35.48462 14
84.1 35.53223 14
84.2 35.57580 14
84.3 35.61682 14
84.4 35.65656 14
84.5 35.69567 14
84.6 35.73451 14
84.7 35.77316 14
84.8 35.81174 14
84.9 35.85028 14
85.0 35.88880 14
85.1 35.92733 14
85.2 35.96582 14
85.3 36.00430 14
85.4 36.04298 14
85.5 36.08144 14
85.6 36.12186 14
85.7 36.16401 14
85.8 36.21098 14
85.9 36.26029 14
86.0 36.30962 14
86.1 36.35896 14
86.2 36.40831 14
86.3 36.45769 14
86.4 36.50707 14
86.5 36.55646 14
86.6 36.60587 14
86.7 36.65529 14
86.8 36.70472 14
86.9 36.75416 14
87.0 36.80363 14
87.1 36.85310 14
87.2 36.90259 14
87.3 36.95208 14
87.4 37.00159 14
87.5 37.05112 14
87.6 37.10065 14
87.7 37.15021 14
87.8 37.19977 14
87.9 37.24935 14
88.0 37.29894 14
88.1 37.34854 14
88.2 37.39815 14
88.3 37.44779 14
88.4 37.66869 14
88.5 37.67723 14
88.6 37.69442 14
88.7 37.72783 14
88.8 37.77980 14
88.9 37.84627 14
89.0 37.91874 14
89.1 37.98873 14
89.2 38.05132 14
89.3 38.10575 14
89.4 38.15379 14
89.5 38.19754 14
89.6 38.23879 14
89.7 38.27873 14
89.8 38.31800 14
89.9 38.35718 14
90.0 38.39597 14
90.1 38.43468 14
90.2 38.47334 14
90.3 38.51218 14
90.4 38.55083 14
90.5 38.58944 14
90.6 38.62803 14
90.7 38.66662 14
90.8 38.70541 14
90.9 38.74398 14
91.0 38.78620 14
91.1 38.82886 14
91.2 38.87721 14
91.3 38.92719 14
91.4 38.97718 14
91.5 39.02719 14
91.6 39.07722 14
91.7 39.12725 14
91.8 39.17730 14
91.9 39.22735 14
92.0 39.27744 14
92.1 39.32752 14
92.2 39.37762 14
92.3 39.42773 14
92.4 39.47787 14
92.5 39.52800 14
92.6 39.57816 14
92.7 39.62832 14
92.8 39.67851 14
92.9 39.72870 14
93.0 39.77890 14
93.1 39.82912 14
93.2 39.87936 14
93.3 39.92960 14
93.4 39.97985 14
93.5 40.03013 14
93.6 40.08042 14
93.7 40.13071 14
93.8 40.18102 14
93.9 40.23135 14
94.0 40.41949 14
94.1 40.46574 14
94.2 40.51254 14
94.3 40.55953 14
94.4 40.60640 14
94.5 40.64600 14
94.6 40.70412 14
94.7 40.74875 14
94.8 40.79205 14
94.9 40.82839 14
95.0 40.89453 14
95.1 40.93973 14
95.2 40.98347 14
95.3 41.02235 14
95.4 41.09747 14
95.5 41.14378 14
95.6 41.19163 14
95.7 41.25846 14
95.8 41.36485 14
95.9 41.47098 14
96.0 41.57712 14
96.1 41.68342 14
96.2 41.78941 14
96.3 41.89535 14
96.4 42.00152 14
96.5 42.10737 14
96.6 42.21311 14
96.7 42.31920 14
96.8 42.42491 14
96.9 42.53058 14
97.0 42.63647 14
97.1 42.74205 14
97.2 42.84752 14
97.3 42.95333 14
97.4 43.05878 14
97.5 43.16417 14
97.6 43.26979 14
97.7 43.37510 14
97.8 43.48031 14
97.9 43.58580 14
98.0 43.69103 14
98.1 43.79643 14
98.2 43.90146 14
98.3 44.00657 14
98.4 44.11178 14
98.5 44.21679 14
98.6 44.32171 14
98.7 44.42685 14
98.8 44.53162 14
98.9 44.63641 14
99.0 44.74142 14
99.1 44.84612 14
99.2 44.95105 14
99.3 45.05567 14
99.4 45.16030 14
99.5 45.26510 14
99.6 45.36954 14
99.7 45.47431 14
99.8 45.57866 14
99.9 45.68309 14
100.0 45.78768 14
100.1 45.89196 14
100.2 45.99621 14
100.3 46.10068 14
100.4 46.20484 14
100.5 46.30922 14
100.6 46.41325 14
100.7 46.51735 14
100.8 46.62161 14
100.9 46.72558 14
101.0 46.82976 14
101.1 46.93359 14
101.2 47.03768 14
101.3 47.14155 14
101.4 47.24532 14
101.5 47.34924 14
101.6 47.45298 14
101.7 47.55683 14
101.8 47.66044 14
101.9 47.76407 14
102.0 47.86785 14
102.1 47.97129 14
102.2 48.07499 14
102.3 48.17841 14
102.4 48.28210 14
102.5 48.38538 14
102.6 48.48874 14
102.7 48.59220 14
102.8 48.69548 14
102.9 48.79892 14
103.0 48.90207 14
103.1 44.50000 14
103.2 44.50000 14
103.3 44.50000 14
103.4 44.50000 14
103.5 44.50000 14
103.6 44.50000 14
103.7 44.50000 14
103.8 44.50000 14
103.9 44.50000 14
104.0 44.50000 14
104.1 44.50000 14
104.2 44.50000 14
104.3 44.50000 14
104.4 44.50000 14
104.5 44.50000 14
104.6 44.50000 14
104.7 44.50000 14
104.8 44.50000 14
104.9 44.50000 14
105.0 44.50000 14
105.1 44.50000 14
105.2 44.50000 14
105.3 44.50000 14
105.4 44.50000 14
105.5 44.50000 14
105.6 44.50000 14
105.7 44.50000 14
105.8 44.50000 14
105.9 44.50000 14
106.0 44.50000 14
106.1 44.50000 14
106.2 44.50000 14
106.3 44.50000 14
106.4 44.50000 14
106.5 44.50000 14
106.6 44.50000 14
106.7 44.50000 14
106.8 44.50000 14
106.9 44.50000 14
107.0 44.50000 14
107.1 44.50000 14
107.2 44.50000 14
107.3 44.50000 14
107.4 44.50000 14
107.5 44.50000 14
107.6 44.50000 14
107.7 44.50000 14
107.8 44.50000 14
107.9 44.50000 14
108.0 44.50000 14
108.1 44.50000 14
108.2 44.50000 14
108.3 44.50000 14
108.4 44.50000 14
108.5 44.50000 14
108.6 44.50000 14
108.7 44.50000 14
108.8 44.50000 14
108.9 44.50000 14
109.0 44.50000 14
109.1 44.50000 14
109.2 44.50000 14
109.3 44.50000 14
109.4 44.50000 14
109.5 44.50000 14
109.6 44.50000 14
109.7 44.50000 14
109.8 44.50000 14
109.9 44.50000 14
110.0 44.50000 14
110.1 44.50000 14
110.2 44.50000 14
110.3 44.50000 14
110.4 44.50000 14
110.5 44.50000 14
110.6 44.50000 14
110.7 44.50000 14
110.8 44.50000 14
110.9 44.50000 14
111.0 44.50000 14
111.1 44.50000 14
111.2 44.50000 14
111.3 44.50000 14
111.4 44.50000 14
111.5 44.50000 14
111.6 44.50000 14
111.7 44.50000 14
111.8 44.50000 14
111.9 44.50000 14
112.0 44.50000 14
112.1 44.50000 14
112.2 44.50000 14
112.3 44.50000 14
112.4 44.50000 14
112.5 44.50000 14
112.6 44.50000 14
112.7 44.50000 14
112.8 44.50000 14
112.9 44.50000 14
113.0 44.50000 14
113.1 44.50000 14
113.2 44.50000 14
113.3 44.50000 14
113.4 44.50000 14
113.5 44.50000 14
113.6 44.50000 14
113.7 44.50000 14
113.8 44.50000 14
113.9 44.50000 14
114.0 44.50000 14
114.1 44.50000 14
114.2 44.50000 14
114.3 44.50000 14
114.4 44.50000 14
114.5 44.50000 14
114.6 44.50000 14
114.7 44.50000 14
114.8 44.50000 14
114.9 44.50000 14
115.0 44.50000 14
115.1 44.50000 14
115.2 44.50000 14
115.3 44.50000 14
115.4 44.50000 14
115.5 44.50000 14
115.6 44.50000 14
115.7 44.50000 14
115.8 44.50000 14
115.9 44.50000 14
116.0 44.50000 14
116.1 44.50000 14
116.2 44.50000 14
116.3 44.50000 14
116.4 44.50000 14
116.5 44.50000 14
116.6 44.50000 14
116.7 44.50000 14
116.8 44.50000 14
116.9 44.50000 14
117.0 44.50000 14
117.1 44.50000 14
117.2 44.50000 14
117.3 44.50000 14
117.4 44.50000 14
117.5 44.50000 14
117.6 44.50000 14
117.7 44.50000 14
117.8 44.50000 14
117.9 44.50000 14
118.0 44.50000 14
118.1 44.50000 14
118.2 44.50000 14
118.3 44.50000 14
118.4 44.50000 14
118.5 44.50000 14
118.6 44.50000 14
118.7 44.50000 14
118.8 44.50000 14
118.9 44.50000 14
119.0 44.50000 14
119.1 44.50000 14
119.2 44.50000 14
119.3 44.50000 14
119.4 44.50000 14
119.5 44.50000 14
119.6 44.50000 14
119.7 44.50000 14
119.8 44.50000 14
119.9 44.50000 14
120.0 44.50000 14
120.1 44.50000 14
120.2 44.50000 14
120.3 44.50000 14
120.4 44.50000 14
120.5 44.50000 14
120.6 44.50000 14
120.7 44.50000 14
120.8 44.50000 14
120.9 44.50000 14
121.0 44.50000 14
121.1 44.50000 14
121.2 44.50000 14
121.3 44.50000 14
121.4 44.50000 14
121.5 44.50000 14
121.6 44.50000 14
121.7 44.50000 14
121.8 44.50000 14
121.9 44.50000 14
122.0 44.50000 14
122.1 44.50000 14
122.2 44.50000 14
122.3 44.50000 14
122.4 44.50000 14
122.5 44.50000 14
122.6 44.50000 14
122.7 44.50000 14
122.8 44.50000 14
122.9 44.50000 14
123.0 44.50000 14
123.1 44.50000 14
123.2 44.50000 14
123.3 44.50000 14
123.4 44.50000 14
123.5 44.50000 14
123.6 44.50000 14
123.7 44.50000 14
123.8 44.50000 14
123.9 44.50000 14
124.0 44.50000 14
124.1 44.50000 14
124.2 44.50000 14
124.3 44.50000 14
124.4 44.50000 14
124.5 44.50000 14
124.6 44.50000 14
124.7 44.50000 14
124.8 44.50000 14
124.9 44.50000 14
125.0 44.50000 14
125.1 44.50000 14
125.2 44.50000 14
125.3 44.50000 14
125.4 44.50000 14
125.5 44.50000 14
125.6 44.50000 14
125.7 44.50000 14
125.8 44.50000 14
125.9 44.50000 14
126.0 44.50000 14
126.1 44.50000 14
126.2 44.50000 14
126.3 44.50000 14
126.4 44.50000 14
126.5 44.50000 14
126.6 44.50000 14
126.7 44.50000 14
126.8 44.50000 14
126.9 44.50000 14
127.0 44.50000 14
127.1 44.50000 14
127.2 44.50000 14
127.3 44.50000 14
127.4 44.50000 14
127.5 44.50000 14
127.6 44.50000 14
127.7 44.50000 14
127.8 44.50000 14
127.9 44.50000 14
128.0 44.50000 14
128.1 44.50000 14
128.2 44.50000 14
128.3 44.50000 14
128.4 44.50000 14
128.5 44.50000 14
128.6 44.50000 14
128.7 44.50000 14
128.8 44.50000 14
128.9 44.50000 14
129.0 44.50000 14
129.1 44.50000 14
129.2 44.50000 14
129.3 44.50000 14
129.4 44.50000 14
129.5 44.50000 14
129.6 44.50000 14
129.7 44.50000 14
129.8 44.50000 14
129.9 44.50000 14
130.0 44.50000 14
130.1 44.50000 14
130.2 44.50000 14
130.3 44.50000 14
130.4 44.50000 14
130.5 44.50000 14
130.6 44.50000 14
130.7 44.50000 14
130.8 44.50000 14
130.9 44.50000 14
131.0 44.50000 14
131.1 44.50000 14
131.2 44.50000 14
131.3 44.50000 14
131.4 44.50000 14
131.5 44.50000 14
131.6 44.50000 14
131.7 44.50000 14
131.8 44.50000 14
131.9 44.50000 14
132.0 44.50000 14
132.1 44.50000 14
132.2 44.50000 14
132.3 44.50000 14
132.4 44.50000 14
132.5 44.50000 14
132.6 44.50000 14
132.7 44.50000 14
132.8 44.50000 14
132.9 44.50000 14
133.0 44.50000 14
133.1 44.50000 14
133.2 44.50000 14
133.3 44.50000 14
133.4 44.50000 14
133.5 44.50000 14
133.6 44.50000 14
133.7 44.50000 14
133.8 44.50000 14
133.9 44.50000 14
134.0 44.50000 14
134.1 44.50000 14
134.2 44.50000 14
134.3 44.50000 14
134.4 44.50000 14
134.5 44.50000 14
134.6 44.50000 14
134.7 44.50000 14
134.8 44.50000 14
134.9 44.50000 14
135.0 44.50000 14
135.1 44.50000 14
135.2 44.50000 14
135.3 44.50000 14
135.4 44.50000 14
135.5 44.50000 14
135.6 44.50000 14
135.7 44.50000 14
135.8 44.50000 14
135.9 44.50000 14
136.0 44.50000 14
136.1 44.50000 14
136.2 44.50000 14
136.3 44.50000 14
136.4 44.50000 14
136.5 44.50000 14
136.6 44.50000 14
136.7 44.50000 14
136.8 44.50000 14
136.9 44.50000 14
137.0 44.50000 14
137.1 44.50000 14
137.2 44.50000 14
137.3 44.50000 14
137.4 44.50000 14
137.5 44.50000 14
137.6 44.50000 14
137.7 44.50000 14
137.8 44.50000 14
137.9 44.50000 14
138.0 44.50000 14
138.1 44.50000 14
138.2 44.50000 14
138.3 44.50000 14
138.4 44.50000 14
138.5 44.50000 14
138.6 44.50000 14
138.7 44.50000 14
138.8 44.50000 14
138.9 44.50000 14
139.0 44.50000 14
139.1 44.50000 14
139.2 44.50000 14
139.3 44.50000 14
139.4 44.50000 14
139.5 44.50000 14
139.6 44.50000 14
139.7 44.50000 14
139.8 44.50000 14
139.9 44.50000 14
140.0 44.50000 14
140.1 44.50000 14
140.2 44.50000 14
140.3 44.50000 14
140.4 44.50000 14
140.5 44.50000 14
140.6 44.50000 14
140.7 44.50000 14
140.8 44.50000 14
140.9 44.50000 14
141.0 44.50000 14
141.1 44.50000 14
141.2 44.50000 14
141.3 44.50000 14
141.4 44.50000 14
141.5 44.50000 14
141.6 44.50000 14
141.7 44.50000 14
141.8 44.50000 14
141.9 44.50000 14
142.0 44.50000 14
142.1 44.50000 14
142.2 44.50000 14
142.3 44.50000 14
142.4 44.50000 14
142.5 44.50000 14
142.6 44.50000 14
142.7 44.50000 14
142.8 44.50000 14
142.9 44.50000 14
143.0 44.50000 14
143.1 44.50000 14
143.2 44.50000 14
143.3 44.50000 14
143.4 44.50000 14
143.5 44.50000 14
143.6 44.50000 14
143.7 44.50000 14
143.8 44.50000 14
143.9 44.50000 14
144.0 44.50000 14
144.1 44.50000 14
144.2 44.50000 14
144.3 44.50000 14
144.4 44.50000 14
144.5 44.50000 14
144.6 44.50000 14
144.7 44.50000 14
144.8 44.50000 14
144.9 44.50000 14
145.0 44.50000 14
145.1 44.50000 14
145.2 44.50000 14
145.3 44.50000 14
145.4 44.50000 14
145.5 44.50000 14
145.6 44.50000 14
145.7 44.50000 14
145.8 0.00000 15
145.9 0.00000 15
146.0 0.00000 15
146.1 0.00000 15
146.2 0.00000 15
146.3 0.00000 15
146.4 0.00000 15
146.5 0.00000 15
146.6 0.00000 15
146.7 0.00000 15
146.8 0.00000 15
146.9 0.00000 15
147.0 0.00000 15
147.1 0.00000 15
147.2 0.00000 15
147.3 0.00000 15
147.4 0.00000 15
147.5 0.00000 15
147.6 0.00000 15
147.7 0.00000 15
147.8 0.00000 15
147.9 0.00000 15
148.0 0.00000 15
148.1 0.00000 15
148.2 0.00000 15
148.3 0.00000 15
148.4 0.00000 15
148.5 0.00000 15
148.6 0.00000 15
148.7 0.00000 15
148.8 0.00000 15
148.9 0.00000 15
149.0 0.00000 15
149.1 0.00000 15
149.2 0.00000 15
149.3 0.00000 15
149.4 0.00000 15
149.5 0.00000 15
149.6 0.00000 15
149.7 0.00000 15
149.8 0.00000 15
149.9 0.00000 15
