15.0 1.98800 13
15.1 2.02862 13
15.2 2.06963 13
15.3 2.11150 13
15.4 2.15330 13
15.5 2.19548 13
15.6 2.23802 13
15.7 2.28145 13
15.8 2.32474 13
15.9 2.36838 13
16.0 2.41291 13
16.1 2.45780 13
16.2 2.47139 14
16.3 2.53260 14
16.4 2.59411 14
16.5 2.65667 14
16.6 2.71992 14
16.7 2.78384 14
16.8 2.84844 14
16.9 2.91371 14
17.0 2.97964 14
17.1 3.04623 14
17.2 3.11346 14
17.3 3.18134 14
17.4 3.24986 14
17.5 3.31900 14
17.6 3.38799 14
17.7 3.45838 14
17.8 3.52944 14
17.9 3.60112 14
18.0 3.67340 14
18.1 3.74626 14
18.2 3.81972 14
18.3 3.89269 14
18.4 3.96720 14
18.5 4.04227 14
18.6 4.14467 14
18.7 4.25303 14
18.8 4.36165 14
18.9 4.47297 14
19.0 4.58576 14
19.1 4.70001 14
19.2 4.81571 14
19.3 4.93121 14
19.4 5.04982 14
19.5 5.17020 14
19.6 5.29204 14
19.7 5.41338 14
19.8 5.53795 14
19.9 5.66393 14
20.0 5.79136 14
20.1 5.91849 14
20.2 6.04920 14
20.3 6.18130 14
20.4 6.31221 14
20.5 6.44683 14
20.6 6.58326 14
20.7 6.71863 14
20.8 6.92411 14
20.9 7.06099 14
21.0 7.20194 14
21.1 7.34459 14
21.2 7.48581 14
21.3 7.62668 14
21.4 7.70393 14
21.5 7.77742 14
21.6 7.85139 14
21.7 7.92554 14
21.8 7.98065 14
21.9 8.05698 14
22.0 8.13305 14
22.1 8.21038 14
22.2 8.28744 14
22.3 8.36416 14
22.4 8.44046 14
22.5 8.51757 14
22.6 8.59495 14
22.7 8.67191 14
22.8 8.74838 14
22.9 8.82518 14
23.0 8.90276 14
23.1 8.97984 14
23.2 9.05633 14
23.3 9.13284 14
23.4 9.21048 14
23.5 9.28753 14
23.6 9.36391 14
23.7 9.44015 14
23.8 9.51772 14
23.9 9.59462 14
24.0 9.67075 14
24.1 9.74673 14
24.2 9.82412 14
24.3 9.90075 14
24.4 9.97648 14
24.5 10.05224 14
24.6 10.12935 14
24.7 10.20557 14
24.8 10.28081 14
24.9 10.35636 14
25.0 10.43307 14
25.1 10.50881 14
25.2 10.58342 14
25.3 10.65878 14
25.4 10.73501 14
25.5 10.81017 14
25.6 10.88409 14
25.7 10.95924 14
25.8 11.03493 14
25.9 11.10945 14
26.0 11.18260 14
26.1 11.25752 14
26.2 11.33262 14
26.3 11.40647 14
26.4 11.47882 14
26.5 11.55338 14
26.6 11.62793 14
26.7 11.70108 14
26.8 11.77266 14
26.9 11.84672 14
27.0 11.92069 14
27.1 11.99322 14
27.2 12.06408 14
27.3 12.13734 14
27.4 12.21083 14
27.5 12.28281 14
27.6 12.35304 14
27.7 12.42506 14
27.8 12.49816 14
27.9 12.56973 14
28.0 12.63953 14
28.1 12.70969 14
28.2 12.78258 14
28.3 12.85393 14
28.4 12.92349 14
28.5 12.99101 14
28.6 13.06384 14
28.7 13.13520 14
28.8 13.20484 14
28.9 13.27247 14
29.0 13.34162 14
29.1 13.41327 14
29.2 13.48328 14
29.3 13.55143 14
29.4 13.61736 14
29.5 13.68759 14
29.6 13.75824 14
29.7 13.82715 14
29.8 13.89413 14
29.9 13.95878 14
30.0 14.02854 14
30.1 14.09864 14
30.2 14.16706 14
30.3 14.23350 14
30.4 14.29767 14
30.5 14.36463 14
30.6 14.43462 14
30.7 14.50302 14
30.8 14.56960 14
30.9 14.63404 14
31.0 14.69599 14
31.1 14.76490 14
31.2 14.83401 14
31.3 14.90159 14
31.4 14.96723 14
31.5 15.03072 14
31.6 15.09173 14
31.7 15.15769 14
31.8 15.22662 14
31.9 15.29422 14
32.0 15.36018 14
32.1 15.42418 14
32.2 15.48593 14
32.3 15.54506 14
32.4 15.61022 14
32.5 15.67865 14
32.6 15.74582 14
32.7 15.81159 14
32.8 15.87575 14
32.9 15.93803 14
33.0 15.99802 14
33.1 16.05525 14
33.2 16.11727 14
33.3 16.18502 14
33.4 16.25192 14
33.5 16.31776 14
33.6 16.38243 14
33.7 16.44556 14
33.8 16.50700 14
33.9 16.56647 14
34.0 16.62354 14
34.1 16.67759 14
34.2 16.73593 14
34.3 16.80245 14
34.4 16.86825 14
34.5 16.86131 14
34.6 16.92575 14
34.7 16.98942 14
34.8 17.05210 14
34.9 17.11371 14
35.0 17.06088 14
35.1 17.11967 14
35.2 17.17673 14
35.3 17.23166 14
35.4 17.28387 14
35.5 17.21497 14
35.6 17.26234 14
35.7 17.32501 14
35.8 17.38747 14
35.9 17.44937 14
36.0 17.32010 14
36.1 17.30550 14
36.2 17.29037 14
36.3 17.27484 14
36.4 17.25891 14
36.5 17.11903 14
36.6 17.10293 14
36.7 17.08632 14
36.8 17.06940 14
36.9 17.05210 14
37.0 17.03437 14
37.1 16.89095 14
37.2 16.87299 14
37.3 16.85476 14
37.4 16.83595 14
37.5 16.81680 14
37.6 16.66998 14
37.7 16.65051 14
37.8 16.63080 14
37.9 16.61062 14
38.0 16.59002 14
38.1 16.56916 14
38.2 16.41870 14
38.3 16.39764 14
38.4 16.37606 14
38.5 16.35414 14
38.6 16.33178 14
38.7 16.30913 14
38.8 16.15521 14
38.9 16.13224 14
39.0 16.10910 14
39.1 16.08539 14
39.2 16.06154 14
39.3 15.90357 14
39.4 15.09358 14
39.5 15.17517 14
39.6 14.97831 14
39.7 14.91657 14
39.8 14.88527 14
39.9 14.88820 14
40.0 14.73632 14
40.1 14.62217 14
40.2 14.55702 14
40.3 14.55894 14
40.4 14.47594 14
40.5 14.52753 14
40.6 14.33793 14
40.7 14.26765 14
40.8 14.26220 14
40.9 14.19760 14
41.0 14.13935 14
41.1 13.92876 14
41.2 13.81394 14
41.3 13.83642 14
41.4 13.73181 14
41.5 13.57764 14
41.6 13.31721 14
41.7 13.26844 14
41.8 13.28599 14
41.9 13.14782 14
42.0 13.05246 14
42.1 12.80103 14
42.2 12.76644 14
42.3 12.79076 14
42.4 12.77565 14
42.5 12.44957 14
42.6 12.38958 14
42.7 12.32973 14
42.8 12.34479 14
42.9 12.35053 14
43.0 12.02128 14
43.1 11.95769 14
43.2 11.91423 14
43.3 11.94181 14
43.4 11.83452 14
43.5 11.76851 14
43.6 11.64290 14
43.7 11.57614 14
43.8 11.58488 14
43.9 11.56296 14
44.0 11.46368 14
44.1 11.57287 14
44.2 11.59015 14
44.3 11.58949 14
44.4 11.64826 14
44.5 11.71539 14
44.6 11.83659 14
44.7 11.92085 14
44.8 12.04073 14
44.9 12.04865 14
45.0 12.04809 14
45.1 12.11212 14
45.2 12.18029 14
45.3 12.31833 14
45.4 12.36393 14
45.5 12.51694 14
45.6 12.53010 14
45.7 12.66468 14
45.8 12.73673 14
45.9 12.77514 14
46.0 12.81157 14
46.1 12.84668 14
46.2 12.89905 14
46.3 12.97343 14
46.4 13.04806 14
46.5 13.12297 14
46.6 13.19813 14
46.7 13.27354 14
46.8 13.40044 14
46.9 13.60226 14
47.0 13.57232 14
47.1 13.68817 14
47.2 13.80200 14
47.3 13.84788 14
47.4 13.88440 14
47.5 13.92014 14
47.6 13.96081 14
47.7 14.03047 14
47.8 14.10868 14
47.9 14.14655 14
48.0 14.18107 14
48.1 14.21560 14
48.2 14.25015 14
48.3 14.30715 14
48.4 14.39334 14
48.5 14.38664 14
48.6 14.44552 14
48.7 14.49349 14
48.8 14.51313 14
48.9 14.52888 14
49.0 14.54472 14
49.1 14.56089 14
49.2 14.59074 14
49.3 14.62537 14
49.4 14.66002 14
49.5 14.69468 14
49.6 14.72939 14
49.7 14.76408 14
49.8 14.82713 14
49.9 14.93554 14
50.0 14.91148 14
50.1 14.94240 14
50.2 15.01285 14
50.3 15.04264 14
50.4 15.05908 14
50.5 15.07408 14
50.6 15.08888 14
50.7 15.10852 14
50.8 15.14067 14
50.9 15.17546 14
51.0 15.21027 14
51.1 15.24509 14
51.2 15.27997 14
51.3 15.31482 14
51.4 15.37942 14
51.5 15.49369 14
51.6 15.46786 14
51.7 15.49394 14
51.8 15.56756 14
51.9 15.60260 14
52.0 15.61946 14
52.1 15.63402 14
52.2 15.64880 14
52.3 15.66366 14
52.4 15.69289 14
52.5 15.72788 14
52.6 15.76292 14
52.7 15.79791 14
52.8 15.83292 14
52.9 15.86793 14
53.0 15.90296 14
53.1 15.96476 14
53.2 16.07156 14
53.3 16.05090 14
53.4 16.09207 14
53.5 16.16629 14
53.6 16.19577 14
53.7 16.21145 14
53.8 16.22538 14
53.9 16.23958 14
54.0 16.25376 14
54.1 16.28270 14
54.2 16.31788 14
54.3 16.35311 14
54.4 16.38831 14
54.5 16.42351 14
54.6 16.45875 14
54.7 16.49403 14
54.8 16.56202 14
54.9 16.69575 14
55.0 16.66168 14
55.1 16.67649 14
55.2 16.75067 14
55.3 16.80176 14
55.4 16.82142 14
55.5 16.83584 14
55.6 16.84902 14
55.7 16.86206 14
55.8 16.87971 14
55.9 16.91085 14
56.0 16.94622 14
56.1 16.98161 14
56.2 17.01701 14
56.3 17.05248 14
56.4 17.08791 14
56.5 17.12335 14
56.6 17.19405 14
56.7 17.21696 14
56.8 17.30683 14
56.9 17.30859 14
57.0 17.37085 14
57.1 17.44125 14
57.2 17.46570 14
57.3 17.47981 14
57.4 17.49300 14
57.5 17.50544 14
57.6 17.51780 14
57.7 17.54314 14
57.8 17.57804 14
57.9 17.61363 14
58.0 17.64925 14
58.1 17.68493 14
58.2 17.72057 14
58.3 17.75623 14
58.4 17.79196 14
58.5 17.86266 14
58.6 17.88568 14
58.7 17.97656 14
58.8 17.98050 14
58.9 18.04391 14
59.0 18.11996 14
59.1 18.14638 14
59.2 18.16039 14
59.3 18.17248 14
59.4 18.18472 14
59.5 18.19613 14
59.6 18.21615 14
59.7 18.24791 14
59.8 18.28298 14
59.9 18.31806 14
60.0 18.35321 14
60.1 18.38832 14
60.2 18.42343 14
60.3 18.45856 14
60.4 18.49375 14
60.5 18.56050 14
60.6 18.69672 14
60.7 18.66525 14
60.8 18.68214 14
60.9 18.75584 14
61.0 18.82597 14
61.1 18.84997 14
61.2 18.86289 14
61.3 18.87454 14
61.4 18.88534 14
61.5 18.89605 14
61.6 18.91356 14
61.7 18.94364 14
61.8 18.97892 14
61.9 19.01425 14
62.0 19.04955 14
62.1 19.08485 14
62.2 19.12022 14
62.3 19.15555 14
62.4 19.19089 14
62.5 19.22629 14
62.6 19.28945 14
62.7 19.41517 14
62.8 19.38967 14
62.9 19.42174 14
63.0 19.50952 14
63.1 19.57038 14
63.2 19.59095 14
63.3 19.60276 14
63.4 19.61361 14
63.5 19.62364 14
63.6 19.63358 14
63.7 19.64932 14
63.8 19.67853 14
63.9 19.71408 14
64.0 19.74958 14
64.1 19.78509 14
64.2 19.82067 14
64.3 19.85620 14
64.4 19.89174 14
64.5 19.92736 14
64.6 19.96293 14
64.7 19.99851 14
64.8 20.21489 14
64.9 20.16593 14
65.0 20.15872 14
65.1 20.20607 14
65.2 20.30150 14
65.3 20.35461 14
65.4 20.37202 14
65.5 20.38269 14
65.6 20.39271 14
65.7 20.40191 14
65.8 20.41102 14
65.9 20.42495 14
66.0 20.45337 14
66.1 20.48915 14
66.2 20.52488 14
66.3 20.56063 14
66.4 20.59645 14
66.5 20.63222 14
66.6 20.66800 14
66.7 20.70385 14
66.8 20.73965 14
66.9 20.77553 14
67.0 20.84317 14
67.1 20.99754 14
67.2 20.96077 14
67.3 20.97369 14
67.4 21.03560 14
67.5 21.13177 14
67.6 21.18014 14
67.7 21.19577 14
67.8 21.20543 14
67.9 21.21400 14
68.0 21.22290 14
68.1 21.23114 14
68.2 21.24181 14
68.3 21.27040 14
68.4 21.30499 14
68.5 21.34104 14
68.6 21.37704 14
68.7 21.41305 14
68.8 21.44913 14
68.9 21.48517 14
69.0 21.52128 14
69.1 21.55734 14
69.2 21.59341 14
69.3 21.62955 14
69.4 21.69430 14
69.5 21.84370 14
69.6 21.80889 14
69.7 21.83245 14
69.8 21.90313 14
69.9 22.00034 14
70.0 22.05043 14
70.1 22.06489 14
70.2 22.07372 14
70.3 22.08199 14
70.4 22.08940 14
70.5 22.09730 14
70.6 22.10456 14
70.7 22.13036 14
70.8 22.16264 14
70.9 22.19890 14
71.0 22.23523 14
71.1 22.27151 14
71.2 22.30788 14
71.3 22.34418 14
71.4 22.38049 14
71.5 22.41689 14
71.6 22.45323 14
71.7 22.48966 14
71.8 22.52602 14
71.9 22.59039 14
72.0 22.74334 14
72.1 22.70838 14
72.2 22.73267 14
72.3 22.80182 14
72.4 22.90489 14
72.5 22.96350 14
72.6 22.98360 14
72.7 22.99263 14
72.8 22.99956 14
72.9 23.00664 14
73.0 23.01290 14
73.1 23.01986 14
73.2 23.03433 14
73.3 23.06379 14
73.4 23.09956 14
73.5 23.13612 14
73.6 23.17276 14
73.7 23.20935 14
73.8 23.24602 14
73.9 23.28262 14
74.0 23.31925 14
74.1 23.35595 14
74.2 23.39259 14
74.3 23.42932 14
74.4 23.46599 14
74.5 23.53278 14
74.6 23.70664 14
74.7 23.66436 14
74.8 23.67587 14
74.9 23.73044 14
75.0 23.84021 14
75.1 23.91270 14
75.2 23.95567 14
75.3 23.96568 14
75.4 23.97272 14
75.5 23.97829 14
75.6 23.98362 14
75.7 23.98949 14
75.8 23.99467 14
75.9 24.01419 14
76.0 24.04414 14
76.1 24.08091 14
76.2 24.11779 14
76.3 24.15475 14
76.4 24.19166 14
76.5 24.22865 14
76.6 24.26558 14
76.7 24.30253 14
76.8 24.33955 14
76.9 24.37652 14
77.0 24.41358 14
77.1 24.45056 14
77.2 24.48764 14
77.3 24.76163 14
77.4 24.70290 14
77.5 24.67451 14
77.6 24.70292 14
77.7 24.77223 14
77.8 24.88729 14
77.9 24.95384 14
78.0 24.99676 14
78.1 25.00572 14
78.2 25.01095 14
78.3 25.01601 14
78.4 25.02018 14
78.5 25.02491 14
78.6 25.02894 14
78.7 25.04249 14
78.8 25.07296 14
78.9 25.10775 14
79.0 25.14505 14
79.1 25.18228 14
79.2 25.21960 14
79.3 25.25686 14
79.4 25.29421 14
79.5 25.33149 14
79.6 25.36887 14
79.7 25.40618 14
79.8 25.44357 14
79.9 25.48091 14
80.0 25.51834 14
80.1 25.55570 14
80.2 25.85177 14
80.3 25.78441 14
80.4 25.75082 14
80.5 25.77409 14
80.6 25.83596 14
80.7 25.95635 14
80.8 26.03364 14
80.9 26.08405 14
81.0 26.11004 14
81.1 26.11558 14
81.2 26.11902 14
81.3 26.12271 14
81.4 26.12559 14
81.5 26.12906 14
81.6 26.13183 14
81.7 26.15195 14
81.8 26.18298 14
81.9 26.21916 14
82.0 26.25676 14
82.1 26.29444 14
82.2 26.33206 14
82.3 26.36977 14
82.4 26.40741 14
82.5 26.44514 14
82.6 26.48281 14
82.7 26.52058 14
82.8 26.55827 14
82.9 26.59607 14
83.0 26.63379 14
83.1 26.67160 14
83.2 26.70935 14
83.3 26.96291 14
83.4 26.91109 14
83.5 26.90027 14
83.6 26.93416 14
83.7 27.00597 14
83.8 27.13226 14
83.9 27.20798 14
84.0 27.25847 14
84.1 27.29258 14
84.2 27.29703 14
84.3 27.29922 14
84.4 27.30163 14
84.5 27.30317 14
84.6 27.30532 14
84.7 27.30673 14
84.8 27.31454 14
84.9 27.34616 14
85.0 27.37940 14
85.1 27.41739 14
85.2 27.45547 14
85.3 27.49348 14
85.4 27.53159 14
85.5 27.56963 14
85.6 27.60776 14
85.7 27.64583 14
85.8 27.68398 14
85.9 27.72207 14
86.0 27.76026 14
86.1 27.79838 14
86.2 27.83659 14
86.3 27.87474 14
86.4 27.91298 14
86.5 28.22836 14
86.6 28.16453 14
86.7 28.12284 14
86.8 28.13988 14
86.9 28.19105 14
87.0 28.28643 14
87.1 28.40951 14
87.2 28.47676 14
87.3 28.52389 14
87.4 28.55983 14
87.5 28.56183 14
87.6 28.56319 14
87.7 28.56413 14
87.8 28.56419 14
87.9 28.56489 14
88.0 28.56483 14
88.1 28.56544 14
88.2 28.59685 14
88.3 28.62932 14
88.4 28.66691 14
88.5 28.70542 14
88.6 28.74386 14
88.7 28.78240 14
88.8 28.82087 14
88.9 28.85944 14
89.0 28.89793 14
89.1 28.93651 14
89.2 28.97503 14
89.3 29.01365 14
89.4 29.05220 14
89.5 29.09084 14
89.6 29.12942 14
89.7 29.16809 14
89.8 29.20669 14
89.9 29.24539 14
90.0 29.49875 14
90.1 29.43960 14
90.2 29.44157 14
90.3 29.48013 14
90.4 29.55236 14
90.5 29.68752 14
90.6 29.77871 14
90.7 29.83835 14
90.8 29.88905 14
90.9 29.91884 14
91.0 29.91958 14
91.1 29.91854 14
91.2 29.91787 14
91.3 29.91631 14
91.4 29.91542 14
91.5 29.91374 14
91.6 29.91276 14
91.7 29.93880 14
91.8 29.97196 14
91.9 30.00813 14
92.0 30.04711 14
92.1 30.08601 14
92.2 30.12502 14
92.3 30.16402 14
92.4 30.20296 14
92.5 30.24201 14
92.6 30.28098 14
92.7 30.32006 14
92.8 30.35905 14
92.9 30.39816 14
93.0 30.43718 14
93.1 30.47631 14
93.2 30.51536 14
93.3 30.55452 14
93.4 30.59360 14
93.5 30.63278 14
93.6 30.92539 14
93.7 30.86135 14
93.8 30.84369 14
93.9 30.86817 14
94.0 30.92296 14
94.1 31.01850 14
94.2 31.16098 14
94.3 31.23902 14
94.4 31.30825 14
94.5 31.35365 14
94.6 31.37466 14
94.7 31.37864 14
94.8 31.37658 14
94.9 31.37417 14
95.0 31.37069 14
95.1 31.36805 14
95.2 31.36445 14
95.3 31.36173 14
95.4 31.37622 14
95.5 31.41013 14
95.6 31.44420 14
95.7 31.48368 14
95.8 31.52306 14
95.9 31.56257 14
96.0 31.60210 14
96.1 31.64152 14
96.2 31.68107 14
96.3 31.72052 14
96.4 31.76010 14
96.5 31.79958 14
96.6 31.83919 14
96.7 31.87869 14
96.8 31.91833 14
96.9 31.95786 14
97.0 31.99752 14
97.1 32.03720 14
97.2 32.07677 14
97.3 32.11648 14
97.4 32.15608 14
97.5 32.42102 14
97.6 32.35986 14
97.7 32.36216 14
97.8 32.39731 14
97.9 32.46135 14
98.0 32.56819 14
98.1 32.71435 14
98.2 32.79142 14
98.3 32.87571 14
98.4 32.92477 14
98.5 32.94151 14
98.6 32.95265 14
98.7 32.94785 14
98.8 32.94358 14
98.9 32.93913 14
99.0 32.93362 14
99.1 32.92902 14
99.2 32.92341 14
99.3 32.91874 14
99.4 32.94766 14
99.5 32.98239 14
99.6 33.01845 14
99.7 33.05836 14
99.8 33.09841 14
99.9 33.13836 14
100.0 33.17843 14
100.1 33.21841 14
100.2 33.25851 14
100.3 33.29851 14
100.4 33.33865 14
100.5 33.37880 14
100.6 33.41884 14
100.7 33.45901 14
100.8 33.49908 14
100.9 33.53929 14
101.0 33.57939 14
101.1 33.61962 14
101.2 33.65987 14
101.3 33.70000 14
101.4 33.74028 14
101.5 33.78045 14
101.6 34.05529 14
101.7 33.99316 14
101.8 33.99277 14
101.9 34.02464 14
102.0 34.08312 14
102.1 34.17671 14
102.2 34.33939 14
102.3 34.43274 14
102.4 34.52059 14
102.5 34.60385 14
102.6 34.63698 14
102.7 34.64649 14
102.8 34.65364 14
102.9 34.64651 14
103.0 34.64006 14
103.1 34.63242 14
103.2 34.62573 14
103.3 34.61899 14
103.4 34.61118 14
103.5 34.60436 14
103.6 34.62529 14
103.7 34.66090 14
103.8 34.69631 14
103.9 34.73630 14
104.0 34.77695 14
104.1 34.62564 14
104.2 34.61890 14
104.3 34.61110 14
104.4 34.60430 14
104.5 34.62559 14
104.6 34.66114 14
104.7 34.69663 14
104.8 34.73661 14
104.9 34.77719 14
105.0 34.62561 14
105.1 34.61888 14
105.2 34.61105 14
105.3 34.60426 14
105.4 34.62573 14
105.5 34.66123 14
105.6 34.69667 14
105.7 34.73685 14
105.8 34.77737 14
105.9 34.62559 14
106.0 34.61887 14
106.1 34.61105 14
106.2 34.60423 14
106.3 34.62584 14
106.4 34.66129 14
106.5 34.69667 14
106.6 34.73678 14
106.7 34.77724 14
106.8 34.62557 14
106.9 34.61887 14
107.0 34.61106 14
107.1 34.60424 14
107.2 34.62569 14
107.3 34.66132 14
107.4 34.69664 14
107.5 34.73669 14
107.6 34.77709 14
107.7 34.62561 14
107.8 34.61887 14
107.9 34.61107 14
108.0 34.60427 14
108.1 34.62552 14
108.2 34.66109 14
108.3 34.69661 14
108.4 34.73659 14
108.5 34.77692 14
108.6 34.62565 14
108.7 34.61892 14
108.8 34.61108 14
108.9 34.60433 14
109.0 34.62534 14
109.1 34.66086 14
109.2 34.69632 14
109.3 34.73648 14
109.4 34.77675 14
109.5 34.62569 14
109.6 34.61897 14
109.7 34.61114 14
109.8 34.60440 14
109.9 34.62517 14
110.0 34.66063 14
110.1 34.69603 14
110.2 34.73609 14
110.3 34.77629 14
110.4 34.62572 14
110.5 34.61902 14
110.6 34.61120 14
110.7 34.60447 14
110.8 34.62475 14
110.9 34.66042 14
111.0 34.69577 14
111.1 34.73543 14
111.2 34.77586 14
111.3 34.62580 14
111.4 34.61906 14
111.5 34.61125 14
111.6 34.60454 14
111.7 34.62436 14
111.8 34.65997 14
111.9 34.69526 14
112.0 34.73511 14
112.1 34.77547 14
112.2 34.62588 14
112.3 34.61914 14
112.4 34.61135 14
112.5 34.60459 14
112.6 34.62401 14
112.7 34.65957 14
112.8 34.69479 14
112.9 34.73451 14
113.0 34.77513 14
113.1 34.62594 14
113.2 34.61922 14
113.3 34.61144 14
113.4 34.60469 14
113.5 34.62372 14
113.6 34.65922 14
113.7 34.69438 14
113.8 34.73398 14
113.9 34.77454 14
114.0 34.62605 14
114.1 34.61929 14
114.2 34.61151 14
114.3 34.60478 14
114.4 34.62320 14
114.5 34.65864 14
114.6 34.69405 14
114.7 34.73327 14
114.8 34.77402 14
114.9 34.62615 14
115.0 34.61939 14
115.1 34.61158 14
115.2 34.60485 14
115.3 34.62277 14
115.4 34.65815 14
115.5 34.69350 14
115.6 34.73258 14
115.7 34.77361 14
115.8 34.62623 14
115.9 34.61948 14
116.0 34.61168 14
116.1 34.60496 14
116.2 34.62243 14
116.3 34.65775 14
116.4 34.69304 14
116.5 34.73200 14
116.6 34.77296 14
116.7 34.62629 14
116.8 34.61955 14
116.9 34.61176 14
117.0 34.60506 14
117.1 34.62188 14
117.2 34.65715 14
117.3 34.69270 14
117.4 34.73154 14
117.5 34.77244 14
117.6 34.62638 14
117.7 34.61971 14
117.8 34.61182 14
117.9 34.60513 14
118.0 34.62146 14
118.1 34.65667 14
118.2 34.69216 14
118.3 34.73123 14
118.4 34.77206 14
118.5 34.62645 14
118.6 34.61980 14
118.7 34.61196 14
118.8 34.60524 14
118.9 34.62089 14
119.0 34.65633 14
119.1 34.69177 14
119.2 34.73071 14
119.3 34.77148 14
119.4 34.62650 14
119.5 34.61985 14
119.6 34.61203 14
119.7 34.60532 14
119.8 34.62043 14
119.9 34.65614 14
120.0 34.69152 14
120.1 34.73037 14
120.2 34.77107 14
120.3 34.62658 14
120.4 34.61994 14
120.5 34.61210 14
120.6 34.60536 14
120.7 34.62012 14
120.8 34.65579 14
120.9 34.69111 14
121.0 34.73022 14
121.1 34.77086 14
121.2 34.62662 14
121.3 34.62000 14
121.4 34.61217 14
121.5 34.60544 14
121.6 34.62000 14
121.7 34.65561 14
121.8 34.69088 14
121.9 34.72989 14
122.0 34.77047 14
122.1 34.62663 14
122.2 34.62002 14
122.3 34.61220 14
122.4 34.60548 14
122.5 34.61973 14
122.6 34.65563 14
122.7 34.69084 14
122.8 34.72979 14
122.9 34.77031 14
123.0 34.62667 14
123.1 34.62006 14
123.2 34.61219 14
123.3 34.60548 14
123.4 34.61967 14
123.5 34.65551 14
123.6 34.69067 14
123.7 34.72994 14
123.8 34.77039 14
123.9 34.62666 14
124.0 34.62007 14
124.1 34.61221 14
124.2 34.60551 14
124.3 34.61983 14
124.4 34.65562 14
124.5 34.69072 14
124.6 34.72994 14
124.7 34.77032 14
124.8 34.62662 14
124.9 34.62003 14
125.0 34.61218 14
125.1 34.60549 14
125.2 34.61986 14
125.3 34.65560 14
125.4 34.69102 14
125.5 34.73022 14
125.6 34.77054 14
125.7 34.62659 14
125.8 34.62002 14
125.9 34.61210 14
126.0 34.60543 14
126.1 34.62016 14
126.2 34.65584 14
126.3 34.69120 14
126.4 34.73036 14
126.5 34.77106 14
126.6 34.62652 14
126.7 34.61995 14
126.8 34.61205 14
126.9 34.60538 14
127.0 34.62072 14
127.1 34.65635 14
127.2 34.69166 14
127.3 34.73083 14
127.4 34.77146 14
127.5 34.62639 14
127.6 34.61983 14
127.7 34.61194 14
127.8 34.60528 14
127.9 34.62119 14
128.0 34.65677 14
128.1 34.69241 14
128.2 34.73162 14
128.3 34.77220 14
128.4 34.62628 14
128.5 34.61973 14
128.6 34.61177 14
128.7 34.60512 14
128.8 34.62196 14
128.9 34.65749 14
129.0 34.69308 14
129.1 34.73232 14
129.2 34.77329 14
129.3 34.62610 14
129.4 34.61957 14
129.5 34.61162 14
129.6 34.60497 14
129.7 34.62306 14
129.8 34.65853 14
129.9 34.69407 14
130.0 34.73383 14
130.1 34.77430 14
130.2 34.62595 14
130.3 34.61934 14
130.4 34.61136 14
130.5 34.60477 14
130.6 34.62409 14
130.7 34.65951 14
130.8 34.69500 14
130.9 34.73529 14
131.0 34.77571 14
131.1 34.62573 14
131.2 34.61913 14
131.3 34.61111 14
131.4 34.60443 14
131.5 34.62576 14
131.6 34.66121 14
131.7 34.69670 14
131.8 34.73670 14
131.9 34.77705 14
132.0 34.62543 14
132.1 34.61880 14
132.2 34.61083 14
132.3 34.60416 14
132.4 34.62710 14
132.5 34.66292 14
132.6 34.69835 14
132.7 34.73853 14
132.8 34.77883 14
132.9 34.62515 14
133.0 34.61852 14
133.1 34.61049 14
133.2 34.60382 14
133.3 34.62882 14
133.4 34.66491 14
133.5 34.69997 14
133.6 34.74107 14
133.7 34.78153 14
133.8 34.62479 14
133.9 34.61714 14
134.0 34.61014 14
134.1 34.60336 14
134.2 34.63094 14
134.3 34.66698 14
134.4 34.70217 14
134.5 34.74396 14
134.6 34.78360 14
134.7 34.62436 14
134.8 34.61671 14
134.9 34.60972 14
135.0 34.60294 14
135.1 34.63305 14
135.2 34.66904 14
135.3 34.70496 14
135.4 34.74670 14
135.5 34.78628 14
135.6 34.62392 14
135.7 34.61607 14
135.8 34.60922 14
135.9 34.60240 14
136.0 34.63560 14
136.1 34.67154 14
136.2 34.70807 14
136.3 34.74944 14
136.4 34.78948 14
136.5 34.62335 14
136.6 34.61555 14
136.7 34.60871 14
136.8 34.60273 14
136.9 34.63815 14
137.0 34.67450 14
137.1 34.71138 14
137.2 34.75270 14
137.3 34.79295 14
137.4 34.62282 14
137.5 34.61495 14
137.6 34.60811 14
137.7 34.60695 14
137.8 34.64117 14
137.9 34.67786 14
138.0 34.71472 14
138.1 34.75696 14
138.2 34.79748 14
138.3 34.62214 14
138.4 34.61422 14
138.5 34.60746 14
138.6 34.61050 14
138.7 34.64537 14
138.8 34.68132 14
138.9 34.71861 14
139.0 34.76080 14
139.1 34.80200 14
139.2 34.62143 14
139.3 34.61351 14
139.4 34.60668 14
139.5 34.61409 14
139.6 34.64891 14
139.7 34.68556 14
139.8 34.72348 14
139.9 34.76523 14
140.0 34.80637 14
140.1 34.62067 14
140.2 34.61280 14
140.3 34.60589 14
140.4 34.61820 14
140.5 34.65340 14
140.6 34.68982 14
140.7 34.72931 14
140.8 34.77004 14
140.9 34.62658 14
141.0 34.61985 14
141.1 34.61198 14
141.2 34.60508 14
141.3 34.62237 14
141.4 34.65896 14
141.5 34.69477 14
141.6 34.73495 14
141.7 34.77565 14
141.8 34.62567 14
141.9 34.61902 14
142.0 34.61089 14
142.1 34.60417 14
142.2 34.62778 14
142.3 34.66401 14
142.4 34.69982 14
142.5 34.74062 14
142.6 34.78193 14
142.7 34.62457 14
142.8 34.61691 14
142.9 34.60991 14
143.0 34.60304 14
143.1 34.63306 14
143.2 34.66957 14
143.3 34.70562 14
143.4 34.74796 14
143.5 34.78812 14
143.6 34.62361 14
143.7 34.61565 14
143.8 34.60878 14
143.9 34.60244 14
144.0 34.63845 14
144.1 34.67491 14
144.2 34.71254 14
144.3 34.75452 14
144.4 34.79490 14
144.5 34.62248 14
144.6 34.61452 14
144.7 34.60763 14
144.8 34.61008 14
144.9 34.64488 14
145.0 34.68125 14
145.1 34.71927 14
145.2 34.76166 14
145.3 34.80274 14
145.4 34.62113 14
145.5 34.61318 14
145.6 34.60631 14
145.7 34.61622 14
145.8 34.65123 14
145.9 34.68855 14
146.0 34.72752 14
146.1 34.76907 14
146.2 34.62679 14
146.3 34.61986 14
146.4 34.61196 14
146.5 34.60500 14
146.6 34.62299 14
146.7 34.65981 14
146.8 34.69588 14
146.9 34.73649 14
147.0 34.77745 14
147.1 34.62524 14
147.2 34.61853 14
147.3 34.61040 14
147.4 34.60361 14
147.5 34.63108 14
147.6 34.66789 14
147.7 34.70404 14
147.8 34.74587 14
147.9 34.78721 14
148.0 34.62370 14
148.1 34.61599 14
148.2 34.60886 14
148.3 34.60285 14
148.4 34.63865 14
148.5 34.67543 14
148.6 34.71347 14
148.7 34.75522 14
148.8 34.79695 14
148.9 34.62215 14
149.0 34.61414 14
149.1 34.60712 14
149.2 34.61224 14
149.3 34.64760 14
149.4 34.68484 14
149.5 34.72281 14
149.6 34.76556 14
149.7 34.80730 14
149.8 34.62041 14
149.9 34.61233 14
