15.0 1.53437 13
15.1 1.54620 13
15.2 1.55808 13
15.3 1.57003 13
15.4 1.58204 13
15.5 1.59364 13
15.6 1.60576 13
15.7 1.61746 13
15.8 1.62920 13
15.9 1.64098 13
16.0 1.65281 13
16.1 1.66468 13
16.2 1.67660 13
16.3 1.79771 13
16.4 1.83914 13
16.5 1.87896 13
16.6 1.92149 13
16.7 1.96225 13
16.8 2.00590 13
16.9 2.04762 13
17.0 2.08979 13
17.1 2.13512 13
17.2 2.17827 13
17.3 2.22188 13
17.4 2.26595 13
17.5 2.31049 13
17.6 2.35230 13
17.7 2.39768 13
17.8 2.44354 13
17.9 2.48987 13
18.0 2.51433 14
18.1 2.57962 14
18.2 2.64063 14
18.3 2.70779 14
18.4 2.77034 14
18.5 2.83941 14
18.6 2.90353 14
18.7 2.96836 14
18.8 3.04029 14
18.9 3.10674 14
19.0 3.17392 14
19.1 3.24183 14
19.2 3.31048 14
19.3 3.37988 14
19.4 3.45763 14
19.5 3.52875 14
19.6 3.60063 14
19.7 3.67329 14
19.8 3.74672 14
19.9 3.82094 14
20.0 3.88700 14
20.1 3.96257 14
20.2 4.03894 14
20.3 4.11612 14
20.4 4.19411 14
20.5 4.27293 14
20.6 4.34216 14
20.7 4.42238 14
20.8 4.50344 14
20.9 4.58535 14
21.0 4.65664 14
21.1 4.73998 14
21.2 4.82419 14
21.3 4.89699 14
21.4 4.98265 14
21.5 5.06920 14
21.6 5.14350 14
21.7 5.23154 14
21.8 5.30676 14
21.9 5.39630 14
22.0 5.47244 14
22.1 5.56348 14
22.2 5.64055 14
22.3 5.73312 14
22.4 5.81110 14
22.5 5.90522 14
22.6 5.98412 14
22.7 6.07980 14
22.8 6.15962 14
22.9 6.25688 14
23.0 6.33761 14
23.1 6.43748 14
23.2 6.55048 14
23.3 6.66441 14
23.4 6.80568 14
23.5 6.92206 14
23.6 7.06707 14
23.7 7.18593 14
23.8 7.30575 14
23.9 7.45617 14
24.0 7.57851 14
24.1 7.70183 14
24.2 7.85780 14
24.3 8.05000 14
24.4 8.17632 14
24.5 8.30361 14
24.6 8.46490 14
24.7 8.53772 14
24.8 8.61075 14
24.9 8.70427 14
25.0 8.77798 14
25.1 8.85189 14
25.2 8.92599 14
25.3 9.02189 14
25.4 9.09668 14
25.5 9.17166 14
25.6 9.24683 14
25.7 9.32219 14
25.8 9.42102 14
25.9 9.49708 14
26.0 9.57331 14
26.1 9.64974 14
26.2 9.72635 14
26.3 9.82819 14
26.4 9.90549 14
26.5 9.98298 14
26.6 10.06065 14
26.7 10.13850 14
26.8 10.24342 14
26.9 10.32197 14
27.0 10.40070 14
27.1 10.47960 14
27.2 10.55868 14
27.3 10.63793 14
27.4 10.71736 14
27.5 10.82650 14
27.6 10.90663 14
27.7 10.98693 14
27.8 11.06740 14
27.9 11.14804 14
28.0 11.22885 14
28.1 11.30982 14
28.2 11.40105 14
28.3 11.53891 14
28.4 11.63785 14
28.5 11.73700 14
28.6 11.83634 14
28.7 11.93588 14
28.8 12.03560 14
28.9 12.13552 14
29.0 12.23563 14
29.1 12.33592 14
29.2 12.43640 14
29.3 12.58175 14
29.4 12.68309 14
29.5 12.78461 14
29.6 12.88631 14
29.7 12.98818 14
29.8 13.09022 14
29.9 13.19244 14
30.0 13.29483 14
30.1 13.39738 14
30.2 13.50010 14
30.3 13.60298 14
30.4 13.70603 14
30.5 13.80923 14
30.6 13.91259 14
30.7 14.06840 14
30.8 14.17261 14
30.9 14.27698 14
31.0 14.38149 14
31.1 14.48616 14
31.2 14.59098 14
31.3 14.69594 14
31.4 14.80105 14
31.5 14.90629 14
31.6 15.01168 14
31.7 15.11721 14
31.8 15.22288 14
31.9 15.32868 14
32.0 15.43462 14
32.1 15.54068 14
32.2 15.64688 14
32.3 15.75320 14
32.4 15.85965 14
32.5 15.96623 14
32.6 16.07293 14
32.7 16.17975 14
32.8 16.28669 14
32.9 16.39375 14
33.0 16.50092 14
33.1 16.60821 14
33.2 16.71561 14
33.3 16.82313 14
33.4 16.93075 14
33.5 17.03848 14
33.6 17.14632 14
33.7 17.25426 14
33.8 17.36231 14
33.9 17.54184 14
34.0 17.65071 14
34.1 17.75969 14
34.2 17.86876 14
34.3 17.97794 14
34.4 18.08721 14
34.5 18.19657 14
34.6 18.30603 14
34.7 18.41558 14
34.8 18.52522 14
34.9 18.63496 14
35.0 18.74478 14
35.1 18.85468 14
35.2 18.96467 14
35.3 19.07475 14
35.4 19.18490 14
35.5 19.29514 14
35.6 19.40546 14
35.7 19.51585 14
35.8 19.62632 14
35.9 19.73687 14
36.0 19.84749 14
36.1 19.95819 14
36.2 20.06895 14
36.3 20.09275 14
36.4 20.20297 14
36.5 20.31326 14
36.6 20.42362 14
36.7 20.53404 14
36.8 20.64452 14
36.9 20.75506 14
37.0 20.86566 14
37.1 20.97631 14
37.2 21.08703 14
37.3 21.19780 14
37.4 21.30862 14
37.5 21.41950 14
37.6 21.53043 14
37.7 21.64142 14
37.8 21.75245 14
37.9 21.86353 14
38.0 21.97466 14
38.1 22.08583 14
38.2 22.19706 14
38.3 22.30832 14
38.4 22.41963 14
38.5 22.53098 14
38.6 22.64237 14
38.7 22.75381 14
38.8 22.86528 14
38.9 22.97679 14
39.0 23.08834 14
39.1 23.19992 14
39.2 23.31154 14
39.3 23.42319 14
39.4 23.53488 14
39.5 23.64659 14
39.6 23.75834 14
39.7 23.87012 14
39.8 23.98193 14
39.9 24.09376 14
40.0 24.20563 14
40.1 24.31752 14
40.2 24.42943 14
40.3 24.54137 14
40.4 24.65333 14
40.5 24.76532 14
40.6 24.87733 14
40.7 24.98935 14
40.8 25.10140 14
40.9 25.21347 14
41.0 25.32555 14
41.1 25.31660 14
41.2 25.42796 14
41.3 25.53932 14
41.4 25.65070 14
41.5 25.76209 14
41.6 25.87350 14
41.7 25.98491 14
41.8 26.09634 14
41.9 26.20777 14
42.0 26.31921 14
42.1 26.43066 14
42.2 26.54211 14
42.3 26.65357 14
42.4 26.76504 14
42.5 26.87651 14
42.6 26.98798 14
42.7 27.09946 14
42.8 27.21094 14
42.9 27.32242 14
43.0 27.43390 14
43.1 27.54538 14
43.2 27.65686 14
43.3 27.76834 14
43.4 27.87982 14
43.5 27.99129 14
43.6 28.10276 14
43.7 28.21422 14
43.8 28.32568 14
43.9 28.43714 14
44.0 28.54859 14
44.1 28.66003 14
44.2 28.62702 14
44.3 28.73764 14
44.4 28.84825 14
44.5 28.95885 14
44.6 29.06943 14
44.7 29.18000 14
44.8 29.29056 14
44.9 29.40111 14
45.0 29.51164 14
45.1 29.62216 14
45.2 29.73266 14
45.3 29.84315 14
45.4 29.95362 14
45.5 30.06407 14
45.6 30.17450 14
45.7 30.28492 14
45.8 30.39532 14
45.9 30.50570 14
46.0 30.61606 14
46.1 30.72639 14
46.2 30.83671 14
46.3 30.94701 14
46.4 31.05728 14
46.5 31.16753 14
46.6 31.27776 14
46.7 31.38796 14
46.8 31.49814 14
46.9 31.44291 14
47.0 31.55220 14
47.1 31.66147 14
47.2 31.77071 14
47.3 31.87993 14
47.4 31.98911 14
47.5 32.09827 14
47.6 32.20739 14
47.7 32.31649 14
47.8 32.42556 14
47.9 32.53459 14
48.0 32.64360 14
48.1 32.73775 14
48.2 32.77502 14
48.3 32.81220 14
48.4 32.84931 14
48.5 32.88634 14
48.6 32.92329 14
48.7 32.96016 14
48.8 32.99696 14
48.9 33.03368 14
49.0 33.07031 14
49.1 33.10688 14
49.2 33.14336 14
49.3 33.17977 14
49.4 33.21610 14
49.5 33.19017 14
49.6 33.22617 14
49.7 33.26210 14
49.8 33.29795 14
49.9 33.33373 14
50.0 33.36943 14
50.1 33.40505 14
50.2 33.44060 14
50.3 33.47608 14
50.4 33.51148 14
50.5 33.54681 14
50.6 33.58207 14
50.7 33.61725 14
50.8 33.65236 14
50.9 33.68739 14
51.0 33.72236 14
51.1 33.75725 14
51.2 33.79206 14
51.3 33.82681 14
51.4 33.86149 14
51.5 33.89609 14
51.6 33.93062 14
51.7 33.96508 14
51.8 33.99947 14
51.9 34.03379 14
52.0 34.00181 14
52.1 34.03581 14
52.2 34.06975 14
52.3 34.10361 14
52.4 34.13741 14
52.5 34.17114 14
52.6 34.20479 14
52.7 34.23838 14
52.8 34.27190 14
52.9 34.30536 14
53.0 34.33874 14
53.1 34.37206 14
53.2 34.40530 14
53.3 34.43848 14
53.4 34.47160 14
53.5 34.50464 14
53.6 34.53762 14
53.7 34.57054 14
53.8 34.60338 14
53.9 34.63616 14
54.0 34.66888 14
54.1 34.70153 14
54.2 34.73411 14
54.3 34.76662 14
54.4 34.79908 14
54.5 34.83146 14
54.6 34.79346 14
54.7 34.82555 14
54.8 34.85757 14
54.9 34.88953 14
55.0 34.92142 14
55.1 34.95326 14
55.2 34.98502 14
55.3 35.01673 14
55.4 35.04837 14
55.5 35.07995 14
55.6 35.11146 14
55.7 35.14292 14
55.8 35.17431 14
55.9 35.20564 14
56.0 35.23690 14
56.1 35.26811 14
56.2 35.29925 14
56.3 35.33033 14
56.4 35.36135 14
56.5 35.39231 14
56.6 35.42321 14
56.7 35.45405 14
56.8 35.48482 14
56.9 35.51554 14
57.0 35.54620 14
57.1 35.57679 14
57.2 35.53304 14
57.3 35.56335 14
57.4 35.59361 14
57.5 35.62380 14
57.6 35.65393 14
57.7 35.68401 14
57.8 35.71403 14
57.9 35.74398 14
58.0 35.77388 14
58.1 35.80373 14
58.2 35.83351 14
58.3 35.86324 14
58.4 35.89290 14
58.5 35.92252 14
58.6 35.95207 14
58.7 35.98157 14
58.8 36.01101 14
58.9 36.04039 14
59.0 36.06972 14
59.1 36.09899 14
59.2 36.12820 14
59.3 36.15736 14
59.4 36.18646 14
59.5 36.21550 14
59.6 36.24449 14
59.7 36.27343 14
59.8 36.30231 14
59.9 36.25287 14
60.0 36.28148 14
60.1 36.31003 14
60.2 36.33853 14
60.3 36.36698 14
60.4 36.39537 14
60.5 36.42371 14
60.6 36.45199 14
60.7 36.48022 14
60.8 36.50839 14
60.9 36.53652 14
61.0 36.56459 14
61.1 36.59260 14
61.2 36.62057 14
61.3 36.64848 14
61.4 36.67633 14
61.5 36.70414 14
61.6 36.73189 14
61.7 36.75959 14
61.8 36.78724 14
61.9 36.81484 14
62.0 36.84239 14
62.1 36.86988 14
62.2 36.89732 14
62.3 36.92471 14
62.4 36.95205 14
62.5 36.97934 14
62.6 37.00658 14
62.7 36.95152 14
62.8 36.97850 14
62.9 37.00543 14
63.0 37.03231 14
63.1 37.05914 14
63.2 37.08592 14
63.3 37.11265 14
63.4 37.13933 14
63.5 37.16597 14
63.6 37.19255 14
63.7 37.21908 14
63.8 37.24557 14
63.9 37.27200 14
64.0 37.29839 14
64.1 37.32473 14
64.2 37.35102 14
64.3 37.37726 14
64.4 37.40345 14
64.5 37.42960 14
64.6 37.45569 14
64.7 37.48174 14
64.8 37.50774 14
64.9 37.53370 14
65.0 37.55960 14
65.1 37.58546 14
65.2 37.61128 14
65.3 37.63704 14
65.4 37.66276 14
65.5 37.60237 14
65.6 37.62784 14
65.7 37.65327 14
65.8 37.67865 14
65.9 37.70398 14
66.0 37.72927 14
66.1 37.75452 14
66.2 37.77971 14
66.3 37.80487 14
66.4 37.82997 14
66.5 37.85503 14
66.6 37.88005 14
66.7 37.90502 14
66.8 37.92995 14
66.9 37.95483 14
67.0 37.97967 14
67.1 38.00446 14
67.2 38.02920 14
67.3 38.05391 14
67.4 38.07857 14
67.5 38.10318 14
67.6 38.12775 14
67.7 38.15228 14
67.8 38.17676 14
67.9 38.20120 14
68.0 38.22560 14
68.1 38.24995 14
68.2 38.27426 14
68.3 38.29853 14
68.4 38.32275 14
68.5 38.25692 14
68.6 38.28091 14
68.7 38.30486 14
68.8 38.32876 14
68.9 38.35263 14
69.0 38.37645 14
69.1 38.40023 14
69.2 38.42397 14
69.3 38.44766 14
69.4 38.47132 14
69.5 38.49493 14
69.6 38.51850 14
69.7 38.54203 14
69.8 38.56552 14
69.9 38.58897 14
70.0 38.61237 14
70.1 38.63574 14
70.2 38.65906 14
70.3 38.68234 14
70.4 38.70559 14
70.5 38.72879 14
70.6 38.75195 14
70.7 38.77507 14
70.8 38.79815 14
70.9 38.82119 14
71.0 38.84419 14
71.1 38.86716 14
71.2 38.89008 14
71.3 38.91296 14
71.4 38.93580 14
71.5 38.95860 14
71.6 38.98137 14
71.7 38.91003 14
71.8 38.93257 14
71.9 38.95507 14
72.0 38.97754 14
72.1 38.99997 14
72.2 39.02236 14
72.3 39.04471 14
72.4 39.06702 14
72.5 39.08929 14
72.6 39.11153 14
72.7 39.13372 14
72.8 39.15588 14
72.9 39.17800 14
73.0 39.20009 14
73.1 39.22213 14
73.2 39.24414 14
73.3 39.26611 14
73.4 39.28804 14
73.5 39.30994 14
73.6 39.33179 14
73.7 39.35362 14
73.8 39.37540 14
73.9 39.39715 14
74.0 39.41886 14
74.1 39.44053 14
74.2 39.46217 14
74.3 39.48377 14
74.4 39.50533 14
74.5 39.52686 14
74.6 39.54835 14
74.7 39.56980 14
74.8 39.59122 14
74.9 39.61260 14
75.0 39.53590 14
75.1 39.55708 14
75.2 39.57822 14
75.3 39.59932 14
75.4 39.62039 14
75.5 39.64142 14
75.6 39.66242 14
75.7 39.68338 14
75.8 39.70431 14
75.9 39.72520 14
76.0 39.74606 14
76.1 39.76688 14
76.2 39.78767 14
76.3 39.80842 14
76.4 39.82914 14
76.5 39.84983 14
76.6 39.87048 14
76.7 39.89109 14
76.8 39.91167 14
76.9 39.93222 14
77.0 39.95273 14
77.1 39.97321 14
77.2 39.99366 14
77.3 40.01407 14
77.4 40.03445 14
77.5 40.05479 14
77.6 40.07510 14
77.7 40.09538 14
77.8 40.11563 14
77.9 40.13584 14
78.0 40.15601 14
78.1 40.17616 14
78.2 40.19627 14
78.3 40.21635 14
78.4 40.23640 14
78.5 40.25641 14
78.6 40.17417 14
78.7 40.19399 14
78.8 40.21377 14
78.9 40.23352 14
79.0 40.25325 14
79.1 40.27293 14
79.2 40.29259 14
79.3 40.31221 14
79.4 40.33181 14
79.5 40.35137 14
79.6 40.37089 14
79.7 40.39039 14
79.8 40.40986 14
79.9 40.42929 14
80.0 40.44869 14
80.1 40.46806 14
80.2 40.48740 14
80.3 40.50671 14
80.4 40.52599 14
80.5 40.54523 14
80.6 40.56445 14
80.7 40.58363 14
80.8 40.60279 14
80.9 40.62191 14
81.0 40.64100 14
81.1 40.66006 14
81.2 40.67909 14
81.3 40.69809 14
81.4 40.71706 14
81.5 40.73600 14
81.6 40.75491 14
81.7 40.77379 14
81.8 40.79264 14
81.9 40.81146 14
82.0 40.83025 14
82.1 40.84901 14
82.2 40.86774 14
82.3 40.78015 14
82.4 40.79870 14
82.5 40.81721 14
82.6 40.83570 14
82.7 40.85416 14
82.8 40.87258 14
82.9 40.89098 14
83.0 40.90935 14
83.1 40.92769 14
83.2 40.94600 14
83.3 40.96428 14
83.4 40.98254 14
83.5 41.00076 14
83.6 41.01896 14
83.7 41.03712 14
83.8 41.05526 14
83.9 41.07337 14
84.0 41.09145 14
84.1 41.10951 14
84.2 41.12753 14
84.3 41.14553 14
84.4 41.16350 14
84.5 41.18144 14
84.6 41.19935 14
84.7 41.21723 14
84.8 41.23509 14
84.9 41.25292 14
85.0 41.27072 14
85.1 41.28849 14
85.2 41.30624 14
85.3 41.32395 14
85.4 41.34164 14
85.5 41.35931 14
85.6 41.37694 14
85.7 41.39455 14
85.8 41.41213 14
85.9 41.42968 14
86.0 41.44721 14
86.1 41.46471 14
86.2 41.48218 14
86.3 41.38916 14
86.4 41.40646 14
86.5 41.42373 14
86.6 41.44098 14
86.7 41.45820 14
86.8 41.47539 14
86.9 41.49256 14
87.0 41.50970 14
87.1 41.52681 14
87.2 41.54390 14
87.3 41.56096 14
87.4 41.57799 14
87.5 41.59500 14
87.6 41.61198 14
87.7 41.62894 14
87.8 41.64587 14
87.9 41.66278 14
88.0 41.67966 14
88.1 41.69651 14
88.2 41.71334 14
88.3 41.73014 14
88.4 41.74692 14
88.5 41.76367 14
88.6 41.78039 14
88.7 41.79709 14
88.8 41.81377 14
88.9 41.83042 14
89.0 41.84704 14
89.1 41.86364 14
89.2 41.88021 14
89.3 41.89676 14
89.4 41.91329 14
89.5 41.92979 14
89.6 41.94626 14
89.7 41.96271 14
89.8 41.97913 14
89.9 41.99553 14
90.0 42.01191 14
90.1 42.02826 14
90.2 42.04459 14
90.3 42.06089 14
90.4 42.07717 14
90.5 42.09342 14
90.6 41.99492 14
90.7 42.01101 14
90.8 42.02708 14
90.9 42.04312 14
91.0 42.05914 14
91.1 42.07514 14
91.2 42.09111 14
91.3 42.10705 14
91.4 42.12298 14
91.5 42.13888 14
91.6 42.15475 14
91.7 42.17060 14
91.8 42.18643 14
91.9 42.20224 14
92.0 42.21802 14
92.1 42.23378 14
92.2 42.24951 14
92.3 42.26523 14
92.4 42.28091 14
92.5 42.29658 14
92.6 42.31222 14
92.7 42.32784 14
92.8 42.34344 14
92.9 42.35901 14
93.0 42.37456 14
93.1 42.39009 14
93.2 42.40559 14
93.3 42.42107 14
93.4 42.43653 14
93.5 42.45197 14
93.6 42.46738 14
93.7 42.48277 14
93.8 42.49814 14
93.9 42.51349 14
94.0 42.52881 14
94.1 42.54411 14
94.2 42.55939 14
94.3 42.57465 14
94.4 42.58988 14
94.5 42.60509 14
94.6 42.62028 14
94.7 42.63545 14
94.8 42.65060 14
94.9 42.66572 14
95.0 42.68082 14
95.1 42.69590 14
95.2 42.71096 14
95.3 42.60686 14
95.4 42.62177 14
95.5 42.63665 14
95.6 42.65152 14
95.7 42.66636 14
95.8 42.68118 14
95.9 42.69598 14
96.0 42.71076 14
96.1 42.72551 14
96.2 42.74025 14
96.3 42.75496 14
96.4 42.76966 14
96.5 42.78433 14
96.6 42.79898 14
96.7 42.81361 14
96.8 42.82822 14
96.9 42.84280 14
97.0 42.85737 14
97.1 42.87192 14
97.2 42.88644 14
97.3 42.90095 14
97.4 42.91543 14
97.5 42.92989 14
97.6 42.94433 14
97.7 42.95876 14
97.8 42.97316 14
97.9 42.98754 14
98.0 43.00190 14
98.1 43.01624 14
98.2 43.03055 14
98.3 43.04485 14
98.4 43.05913 14
98.5 43.07339 14
98.6 43.08763 14
98.7 43.10185 14
98.8 43.11604 14
98.9 43.13022 14
99.0 43.14438 14
99.1 43.15852 14
99.2 43.17263 14
99.3 43.18673 14
99.4 43.20081 14
99.5 43.21487 14
99.6 43.22891 14
99.7 43.24292 14
99.8 43.25692 14
99.9 43.27090 14
100.0 43.28486 14
100.1 43.29880 14
100.2 43.31272 14
100.3 43.20309 14
100.4 43.21687 14
100.5 43.23063 14
100.6 43.24437 14
100.7 43.25809 14
100.8 43.27179 14
100.9 43.28548 14
101.0 43.29914 14
101.1 43.31279 14
101.2 43.32641 14
101.3 43.34002 14
101.4 43.35361 14
101.5 43.36718 14
101.6 43.38073 14
101.7 43.39426 14
101.8 43.40777 14
101.9 43.42127 14
102.0 43.43474 14
102.1 43.44820 14
102.2 43.46163 14
102.3 43.47505 14
102.4 43.48845 14
102.5 43.50184 14
102.6 43.51520 14
102.7 43.52855 14
102.8 43.54187 14
102.9 43.55518 14
103.0 43.56847 14
103.1 43.58174 14
103.2 43.59500 14
103.3 43.60823 14
103.4 43.62145 14
103.5 43.63465 14
103.6 43.64783 14
103.7 43.66099 14
103.8 43.67414 14
103.9 43.68726 14
104.0 43.70037 14
104.1 43.71346 14
104.2 43.72653 14
104.3 43.73959 14
104.4 43.75263 14
104.5 43.76565 14
104.6 43.77865 14
104.7 43.79163 14
104.8 43.80460 14
104.9 43.81755 14
105.0 43.83048 14
105.1 43.84339 14
105.2 43.85629 14
105.3 43.86917 14
105.4 43.88203 14
105.5 43.89487 14
105.6 43.90770 14
105.7 43.92051 14
105.8 43.93330 14
105.9 43.81790 14
106.0 43.83056 14
106.1 43.84320 14
106.2 43.85583 14
106.3 43.86844 14
106.4 43.88103 14
106.5 43.89361 14
106.6 43.90617 14
106.7 43.91871 14
106.8 43.93123 14
106.9 43.94374 14
107.0 43.95623 14
107.1 43.96871 14
107.2 43.98117 14
107.3 43.99361 14
107.4 44.00603 14
107.5 44.01844 14
107.6 44.03083 14
107.7 44.04321 14
107.8 44.05556 14
107.9 44.06791 14
108.0 44.08023 14
108.1 44.09254 14
108.2 44.10483 14
108.3 44.11711 14
108.4 44.12937 14
108.5 44.14161 14
108.6 44.15384 14
108.7 44.16605 14
108.8 44.17824 14
108.9 44.19042 14
109.0 44.20258 14
109.1 44.21473 14
109.2 44.22686 14
109.3 44.23897 14
109.4 44.25107 14
109.5 44.26315 14
109.6 44.27522 14
109.7 44.28727 14
109.8 44.29930 14
109.9 44.31132 14
110.0 44.32332 14
110.1 44.33531 14
110.2 44.34728 14
110.3 44.35924 14
110.4 44.37117 14
110.5 44.38310 14
110.6 44.39501 14
110.7 44.40690 14
110.8 44.41877 14
110.9 44.43064 14
111.0 44.44248 14
111.1 44.45431 14
111.2 44.46613 14
111.3 44.47792 14
111.4 44.48971 14
111.5 44.50148 14
111.6 44.51323 14
111.7 44.52497 14
111.8 44.53669 14
111.9 44.41560 14
112.0 44.42720 14
112.1 44.43879 14
112.2 44.45036 14
112.3 44.46192 14
112.4 44.47346 14
112.5 44.48499 14
112.6 44.49650 14
112.7 44.50800 14
112.8 44.51948 14
112.9 44.53095 14
113.0 44.54240 14
113.1 44.55384 14
113.2 44.56526 14
113.3 44.57667 14
113.4 44.58806 14
113.5 44.59944 14
113.6 44.61080 14
113.7 44.62215 14
113.8 44.63349 14
113.9 44.64481 14
114.0 44.65611 14
114.1 44.66740 14
114.2 44.67868 14
114.3 44.68994 14
114.4 44.70119 14
114.5 44.71242 14
114.6 44.72364 14
114.7 44.73484 14
114.8 44.74603 14
114.9 44.75721 14
115.0 44.76837 14
115.1 44.77951 14
115.2 44.79065 14
115.3 44.80176 14
115.4 44.81287 14
115.5 44.82396 14
115.6 44.83503 14
115.7 44.84609 14
115.8 44.85714 14
115.9 44.86818 14
116.0 44.87920 14
116.1 44.89020 14
116.2 44.90119 14
116.3 44.91217 14
116.4 44.92313 14
116.5 44.93408 14
116.6 44.94502 14
116.7 44.95594 14
116.8 44.96685 14
116.9 44.97774 14
117.0 44.98862 14
117.1 44.99949 14
117.2 45.01034 14
117.3 45.02118 14
117.4 45.03201 14
117.5 45.04282 14
117.6 45.05362 14
117.7 45.06440 14
117.8 45.07517 14
117.9 45.08593 14
118.0 45.09668 14
118.1 45.10741 14
118.2 45.11812 14
118.3 45.12883 14
118.4 45.13952 14
118.5 45.15019 14
118.6 45.02326 14
118.7 45.03383 14
118.8 45.04438 14
118.9 45.05492 14
119.0 45.06545 14
119.1 45.07596 14
119.2 45.08646 14
119.3 45.09695 14
119.4 45.10743 14
119.5 45.11789 14
119.6 45.12834 14
119.7 45.13877 14
119.8 45.14920 14
119.9 45.15960 14
120.0 45.17000 14
120.1 45.18039 14
120.2 45.19076 14
120.3 45.20111 14
120.4 45.21146 14
120.5 45.22179 14
120.6 45.23211 14
120.7 45.24242 14
120.8 45.25271 14
120.9 45.26299 14
121.0 45.27326 14
121.1 45.28352 14
121.2 45.29376 14
121.3 45.30399 14
121.4 45.31421 14
121.5 45.32441 14
121.6 45.33461 14
121.7 45.34479 14
121.8 45.35495 14
121.9 45.36511 14
122.0 45.37525 14
122.1 45.38538 14
122.2 45.39550 14
122.3 45.40560 14
122.4 45.41570 14
122.5 45.42578 14
122.6 45.43585 14
122.7 45.44590 14
122.8 45.45595 14
122.9 45.46598 14
123.0 45.47600 14
123.1 45.48600 14
123.2 45.49600 14
123.3 45.50598 14
123.4 45.51595 14
123.5 45.52591 14
123.6 45.53585 14
123.7 45.54579 14
123.8 45.55571 14
123.9 45.56562 14
124.0 45.57552 14
124.1 45.58540 14
124.2 45.59528 14
124.3 45.60514 14
124.4 45.61499 14
124.5 45.62483 14
124.6 45.63465 14
124.7 45.64447 14
124.8 45.65427 14
124.9 45.66406 14
125.0 45.67384 14
125.1 45.68360 14
125.2 45.69336 14
125.3 45.70310 14
125.4 45.71283 14
125.5 45.72255 14
125.6 45.73226 14
125.7 45.74196 14
125.8 45.75164 14
125.9 45.76132 14
126.0 45.77098 14
126.1 45.63806 14
126.2 45.64762 14
126.3 45.65717 14
126.4 45.66671 14
126.5 45.67624 14
126.6 45.68575 14
126.7 45.69526 14
126.8 45.70475 14
126.9 45.71423 14
127.0 45.72370 14
127.1 45.73316 14
127.2 45.74261 14
127.3 45.75204 14
127.4 45.76147 14
127.5 45.77088 14
127.6 45.78028 14
127.7 45.78968 14
127.8 45.79906 14
127.9 45.80842 14
128.0 45.81778 14
128.1 45.82713 14
128.2 45.83646 14
128.3 45.84579 14
128.4 45.85510 14
128.5 45.86440 14
128.6 45.87370 14
128.7 45.88298 14
128.8 45.89224 14
128.9 45.90150 14
129.0 45.91075 14
129.1 45.91999 14
129.2 45.92921 14
129.3 45.93843 14
129.4 45.94763 14
129.5 45.95682 14
129.6 45.96601 14
129.7 45.97518 14
129.8 45.98434 14
129.9 45.99349 14
130.0 46.00263 14
130.1 46.01175 14
130.2 46.02087 14
130.3 46.02998 14
130.4 46.03907 14
130.5 46.04816 14
130.6 46.05723 14
130.7 46.06630 14
130.8 46.07535 14
130.9 46.08440 14
131.0 46.09343 14
131.1 46.10245 14
131.2 46.11146 14
131.3 46.12046 14
131.4 46.12945 14
131.5 46.13843 14
131.6 46.14740 14
131.7 46.15636 14
131.8 46.16531 14
131.9 46.17425 14
132.0 46.18317 14
132.1 46.19209 14
132.2 46.20100 14
132.3 46.20990 14
132.4 46.21878 14
132.5 46.22766 14
132.6 46.23652 14
132.7 46.24538 14
132.8 46.25422 14
132.9 46.26306 14
133.0 46.27188 14
133.1 46.28070 14
133.2 46.28950 14
133.3 46.29830 14
133.4 46.30708 14
133.5 46.31586 14
133.6 46.32462 14
133.7 46.33337 14
133.8 46.34212 14
133.9 46.35085 14
134.0 46.35957 14
134.1 46.36829 14
134.2 46.37699 14
134.3 46.38569 14
134.4 46.39437 14
134.5 46.25537 14
134.6 46.26397 14
134.7 46.27255 14
134.8 46.28112 14
134.9 46.28969 14
135.0 46.29824 14
135.1 46.30678 14
135.2 46.31532 14
135.3 46.32384 14
135.4 46.33236 14
135.5 46.34086 14
135.6 46.34936 14
135.7 46.35784 14
135.8 46.36632 14
135.9 46.37478 14
136.0 46.38324 14
136.1 46.39169 14
136.2 46.40012 14
136.3 46.40855 14
136.4 46.41697 14
136.5 46.42538 14
136.6 46.43378 14
136.7 46.44217 14
136.8 46.45055 14
136.9 46.45892 14
137.0 46.46728 14
137.1 46.47563 14
137.2 46.48397 14
137.3 46.49230 14
137.4 46.50063 14
137.5 46.50894 14
137.6 46.51724 14
137.7 46.52554 14
137.8 46.53382 14
137.9 46.54210 14
138.0 46.55037 14
138.1 46.55863 14
138.2 46.56687 14
138.3 46.57511 14
138.4 46.58334 14
138.5 46.59156 14
138.6 46.59977 14
138.7 46.60798 14
138.8 46.61617 14
138.9 46.62435 14
139.0 46.63253 14
139.1 46.64069 14
139.2 46.64885 14
139.3 46.65700 14
139.4 46.66513 14
139.5 46.67326 14
139.6 46.68138 14
139.7 46.68949 14
139.8 46.69760 14
139.9 46.70569 14
140.0 46.71377 14
140.1 46.72185 14
140.2 46.72991 14
140.3 46.73797 14
140.4 46.74602 14
140.5 46.75405 14
140.6 46.76208 14
140.7 46.77011 14
140.8 46.77812 14
140.9 46.78612 14
141.0 46.79412 14
141.1 46.80210 14
141.2 46.81008 14
141.3 46.81804 14
141.4 46.82600 14
141.5 46.83395 14
141.6 46.84190 14
141.7 46.84983 14
141.8 46.85775 14
141.9 46.86567 14
142.0 46.87357 14
142.1 46.88147 14
142.2 46.88936 14
142.3 46.89724 14
142.4 46.90511 14
142.5 46.91297 14
142.6 46.92083 14
142.7 46.92867 14
142.8 46.93651 14
142.9 46.94434 14
143.0 46.95216 14
143.1 46.95997 14
143.2 46.96777 14
143.3 46.97557 14
143.4 46.98335 14
143.5 46.99113 14
143.6 46.99890 14
143.7 47.00666 14
143.8 47.01441 14
143.9 47.02215 14
144.0 47.02989 14
144.1 46.88462 14
144.2 46.89228 14
144.3 46.89992 14
144.4 46.90756 14
144.5 46.91519 14
144.6 46.92281 14
144.7 46.93042 14
144.8 46.93802 14
144.9 46.94562 14
145.0 46.95320 14
145.1 46.96078 14
145.2 46.96835 14
145.3 46.97592 14
145.4 46.98347 14
145.5 46.99101 14
145.6 46.99855 14
145.7 47.00608 14
145.8 47.01360 14
145.9 47.02112 14
146.0 47.02862 14
146.1 47.03612 14
146.2 47.04361 14
146.3 47.05109 14
146.4 47.05856 14
146.5 47.06602 14
146.6 47.07348 14
146.7 47.08093 14
146.8 47.08837 14
146.9 47.09580 14
147.0 47.10323 14
147.1 47.11064 14
147.2 47.11805 14
147.3 47.12545 14
147.4 47.13284 14
147.5 47.14023 14
147.6 47.14761 14
147.7 47.15497 14
147.8 47.16234 14
147.9 47.16969 14
148.0 47.17703 14
148.1 47.18437 14
148.2 47.19170 14
148.3 47.19902 14
148.4 47.20633 14
148.5 47.21364 14
148.6 47.22094 14
148.7 47.22823 14
148.8 47.23551 14
148.9 47.24279 14
149.0 47.25005 14
149.1 47.25731 14
149.2 47.26456 14
149.3 47.27181 14
149.4 47.27904 14
149.5 47.28627 14
149.6 47.29349 14
149.7 47.30071 14
149.8 47.30791 14
149.9 47.31511 14
