15.0 1.44935 13
15.1 1.45683 13
15.2 1.46440 13
15.3 1.47188 13
15.4 1.47951 13
15.5 1.48700 13
15.6 1.49460 13
15.7 1.50211 13
15.8 1.50961 13
15.9 1.51712 13
16.0 1.52463 13
16.1 1.53215 13
16.2 1.53967 13
16.3 1.54735 13
16.4 1.55488 13
16.5 1.56241 13
16.6 1.56994 13
16.7 1.57748 13
16.8 1.58502 13
16.9 1.59256 13
17.0 1.60011 13
17.1 1.60784 13
17.2 1.61540 13
17.3 1.62279 13
17.4 1.63036 13
17.5 1.63792 13
17.6 1.64550 13
17.7 1.65308 13
17.8 1.66066 13
17.9 1.66825 13
18.0 1.67603 13
18.1 1.68343 13
18.2 1.69123 13
18.3 1.69863 13
18.4 1.70603 13
18.5 1.71343 13
18.6 1.72223 13
18.7 1.73323 13
18.8 1.74429 13
18.9 1.75543 13
19.0 1.76664 13
19.1 1.77792 13
19.2 1.78927 13
19.3 1.80069 13
19.4 1.81218 13
19.5 1.82375 13
19.6 1.83538 13
19.7 1.84710 13
19.8 1.85888 13
19.9 1.87074 13
20.0 1.88267 13
20.1 1.89467 13
20.2 1.90675 13
20.3 1.91891 13
20.4 1.93114 13
20.5 1.94344 13
20.6 1.95582 13
20.7 1.96828 13
20.8 1.98081 13
20.9 1.99342 13
21.0 15.51667 14
21.1 15.53551 14
21.2 15.55237 14
21.3 15.56708 14
21.4 15.58431 14
21.5 15.60034 14
21.6 15.61494 14
21.7 15.62737 14
21.8 15.63827 14
21.9 15.65192 14
22.0 15.66346 14
22.1 15.67270 14
22.2 15.67946 14
22.3 15.68794 14
22.4 15.69637 14
22.5 15.70242 14
22.6 15.70583 14
22.7 15.70906 14
22.8 15.71436 14
22.9 15.71716 14
23.0 15.71721 14
23.1 15.71584 14
23.2 15.71805 14
23.3 15.71761 14
23.4 15.71437 14
23.5 15.70902 14
23.6 15.70818 14
23.7 15.70468 14
23.8 15.69818 14
23.9 15.68935 14
24.0 5.74303 14
24.1 5.81499 14
24.2 5.88689 14
24.3 5.95867 14
24.4 6.03056 14
24.5 6.10234 14
24.6 6.17392 14
24.7 6.24527 14
24.8 6.31689 14
24.9 6.38827 14
25.0 6.45932 14
25.1 6.52997 14
25.2 6.60112 14
25.3 6.67191 14
25.4 6.74225 14
25.5 6.81200 14
25.6 6.88246 14
25.7 6.95254 14
25.8 7.02204 14
25.9 7.09082 14
26.0 7.16014 14
26.1 7.22944 14
26.2 7.29805 14
26.3 7.36585 14
26.4 7.43345 14
26.5 7.50194 14
26.6 7.56971 14
26.7 7.63659 14
26.8 7.70241 14
26.9 7.76933 14
27.0 7.83633 14
27.1 7.90243 14
27.2 7.96749 14
27.3 8.03128 14
27.4 8.09702 14
27.5 8.16251 14
27.6 8.22706 14
27.7 8.29047 14
27.8 8.35244 14
27.9 8.41549 14
28.0 8.47970 14
28.1 8.54297 14
28.2 8.60508 14
28.3 8.66584 14
28.4 8.72497 14
28.5 8.78639 14
28.6 8.84867 14
28.7 8.91004 14
28.8 8.97026 14
28.9 9.02911 14
29.0 9.08634 14
29.1 9.14152 14
29.2 9.20193 14
29.3 9.26189 14
29.4 9.32093 14
29.5 9.37891 14
29.6 9.43570 14
29.7 9.49097 14
29.8 9.54441 14
29.9 9.59559 14
30.0 9.65080 14
30.1 9.70804 14
30.2 9.76459 14
30.3 9.82034 14
30.4 9.87524 14
30.5 9.92920 14
30.6 9.98197 14
30.7 10.03343 14
30.8 10.08328 14
30.9 10.13111 14
31.0 10.17635 14
31.1 10.21950 14
31.2 10.27168 14
31.3 10.32329 14
31.4 10.37433 14
31.5 10.42482 14
31.6 10.47470 14
31.7 10.52402 14
31.8 10.57274 14
31.9 10.62085 14
32.0 10.66837 14
32.1 10.71524 14
32.2 10.76153 14
32.3 10.80718 14
32.4 10.85223 14
32.5 10.89665 14
32.6 10.94043 14
32.7 10.98359 14
32.8 11.02616 14
32.9 11.06805 14
33.0 11.10938 14
33.1 11.15011 14
33.2 11.19022 14
33.3 11.22976 14
33.4 11.26869 14
33.5 11.30718 14
33.6 11.34509 14
33.7 11.38265 14
33.8 11.41971 14
33.9 11.45658 14
34.0 11.49319 14
34.1 11.52986 14
34.2 11.56699 14
34.3 11.60513 14
34.4 11.64600 14
34.5 11.69284 14
34.6 11.75279 14
34.7 11.82908 14
34.8 11.90958 14
34.9 11.98200 14
35.0 12.09023 14
35.1 12.17499 14
35.2 12.27414 14
35.3 12.37438 14
35.4 12.47580 14
35.5 12.56527 14
35.6 11.96643 14
35.7 12.06320 14
35.8 12.16065 14
35.9 12.06019 14
36.0 12.11715 14
36.1 12.17239 14
36.2 12.12625 14
36.3 12.15522 14
36.4 12.18464 14
36.5 12.21459 14
36.6 12.24669 14
36.7 12.28039 14
36.8 12.31450 14
36.9 12.34903 14
37.0 12.37904 14
37.1 12.42032 14
37.2 12.46252 14
37.3 12.50475 14
37.4 12.54703 14
37.5 12.58935 14
37.6 12.63173 14
37.7 12.67418 14
37.8 13.00512 14
37.9 13.04074 14
38.0 13.07507 14
38.1 13.10820 14
38.2 13.13978 14
38.3 13.16998 14
38.4 13.19891 14
38.5 13.22681 14
38.6 13.24799 14
38.7 13.26927 14
38.8 13.29539 14
38.9 13.32573 14
39.0 13.35982 14
39.1 13.39725 14
39.2 13.43780 14
39.3 13.48136 14
39.4 13.52794 14
39.5 13.57772 14
39.6 13.63104 14
39.7 13.68849 14
39.8 13.75096 14
39.9 13.81978 14
40.0 13.89682 14
40.1 13.96413 14
40.2 14.02471 14
40.3 14.08176 14
40.4 14.10265 14
40.5 14.12226 14
40.6 14.14069 14
40.7 14.15811 14
40.8 14.17471 14
40.9 14.19064 14
41.0 14.15094 14
41.1 13.83828 14
41.2 13.48756 14
41.3 13.46134 14
41.4 13.48626 14
41.5 13.32857 14
41.6 12.94907 14
41.7 12.86249 14
41.8 12.70851 14
41.9 12.72227 14
42.0 12.62736 14
42.1 12.66073 14
42.2 12.21546 14
42.3 12.12281 14
42.4 12.04377 14
42.5 12.07182 14
42.6 11.99508 14
42.7 11.79433 14
42.8 11.65238 14
42.9 11.55262 14
43.0 11.46908 14
43.1 11.49391 14
43.2 11.33748 14
43.3 11.43612 14
43.4 11.12366 14
43.5 11.01637 14
43.6 10.98971 14
43.7 10.98243 14
43.8 11.00240 14
43.9 10.92097 14
44.0 10.77086 14
44.1 10.60680 14
44.2 10.57698 14
44.3 10.52588 14
44.4 10.54722 14
44.5 10.54076 14
44.6 10.33431 14
44.7 10.25462 14
44.8 10.22173 14
44.9 10.11787 14
45.0 10.13849 14
45.1 10.15508 14
45.2 10.07312 14
45.3 10.11409 14
45.4 9.84029 14
45.5 9.89239 14
45.6 10.07856 14
45.7 10.11574 14
45.8 10.11123 14
45.9 10.09328 14
46.0 10.14562 14
46.1 10.19804 14
46.2 10.38157 14
46.3 10.43207 14
46.4 10.43211 14
46.5 10.45399 14
46.6 10.47595 14
46.7 10.52689 14
46.8 10.58645 14
46.9 10.64635 14
47.0 10.70659 14
47.1 10.76727 14
47.2 10.82821 14
47.3 10.92867 14
47.4 11.11194 14
47.5 11.08049 14
47.6 11.19864 14
47.7 11.28215 14
47.8 11.31174 14
47.9 11.33579 14
48.0 11.35814 14
48.1 11.38769 14
48.2 11.44650 14
48.3 11.51112 14
48.4 11.57607 14
48.5 11.64138 14
48.6 11.70714 14
48.7 11.77314 14
48.8 11.88398 14
48.9 12.09597 14
49.0 12.05155 14
49.1 12.17004 14
49.2 12.27884 14
49.3 12.31390 14
49.4 12.33774 14
49.5 12.36053 14
49.6 12.38317 14
49.7 12.44104 14
49.8 12.51088 14
49.9 12.58095 14
50.0 12.65137 14
50.1 12.72214 14
50.2 12.79327 14
50.3 12.93118 14
50.4 12.97680 14
50.5 13.15759 14
50.6 13.17004 14
50.7 13.33568 14
50.8 13.41792 14
50.9 13.44945 14
51.0 13.47312 14
51.1 13.49606 14
51.2 13.52233 14
51.3 13.58630 14
51.4 13.66166 14
51.5 13.73726 14
51.6 13.81320 14
51.7 13.88951 14
51.8 13.96618 14
51.9 14.04333 14
52.0 14.11592 14
52.1 14.21096 14
52.2 14.19428 14
52.3 14.24949 14
52.4 14.30253 14
52.5 14.31822 14
52.6 14.32753 14
52.7 14.33614 14
52.8 14.34464 14
52.9 14.36201 14
53.0 14.39055 14
53.1 14.42050 14
53.2 14.45044 14
53.3 14.48044 14
53.4 14.51040 14
53.5 14.54037 14
53.6 14.60049 14
53.7 14.61872 14
53.8 14.71129 14
53.9 14.70010 14
54.0 14.76000 14
54.1 14.81346 14
54.2 14.82915 14
54.3 14.83793 14
54.4 14.84591 14
54.5 14.85376 14
54.6 14.86825 14
54.7 14.89535 14
54.8 14.92544 14
54.9 14.95556 14
55.0 14.98573 14
55.1 15.01587 14
55.2 15.04602 14
55.3 15.07614 14
55.4 15.13155 14
55.5 15.26035 14
55.6 15.22115 14
55.7 15.24177 14
55.8 15.32033 14
55.9 15.35482 14
56.0 15.36627 14
56.1 15.37401 14
56.2 15.38183 14
56.3 15.38899 14
56.4 15.40482 14
56.5 15.43265 14
56.6 15.46290 14
56.7 15.49317 14
56.8 15.52345 14
56.9 15.55379 14
57.0 15.58410 14
57.1 15.61440 14
57.2 15.67377 14
57.3 15.69298 14
57.4 15.78292 14
57.5 15.77984 14
57.6 15.84065 14
57.7 15.90558 14
57.8 15.92254 14
57.9 15.93047 14
58.0 15.93774 14
58.1 15.94424 14
58.2 15.95067 14
58.3 15.97314 14
58.4 16.00308 14
58.5 16.03351 14
58.6 16.06395 14
58.7 16.09447 14
58.8 16.12493 14
58.9 16.15540 14
59.0 16.18596 14
59.1 16.24671 14
59.2 16.26557 14
59.3 16.36693 14
59.4 16.35482 14
59.5 16.40797 14
59.6 16.48689 14
59.7 16.50838 14
59.8 16.51660 14
59.9 16.52272 14
60.0 16.52909 14
60.1 16.53482 14
60.2 16.54969 14
60.3 16.57685 14
60.4 16.60746 14
60.5 16.63809 14
60.6 16.66879 14
60.7 16.69944 14
60.8 16.73011 14
60.9 16.76078 14
61.0 16.79153 14
61.1 16.85101 14
61.2 17.00978 14
61.3 16.96704 14
61.4 16.96330 14
61.5 17.02085 14
61.6 17.10349 14
61.7 17.12537 14
61.8 17.13320 14
61.9 17.13917 14
62.0 17.14424 14
62.1 17.14921 14
62.2 17.15949 14
62.3 17.18476 14
62.4 17.21561 14
62.5 17.24656 14
62.6 17.27744 14
62.7 17.30833 14
62.8 17.33927 14
62.9 17.37016 14
63.0 17.40105 14
63.1 17.43202 14
63.2 17.48864 14
63.3 17.64514 14
63.4 17.59608 14
63.5 17.60775 14
63.6 17.67890 14
63.7 17.75689 14
63.8 17.77597 14
63.9 17.78278 14
64.0 17.78802 14
64.1 17.79229 14
64.2 17.79705 14
64.3 17.80353 14
64.4 17.82829 14
64.5 17.85893 14
64.6 17.89002 14
64.7 17.92113 14
64.8 17.95231 14
64.9 17.98344 14
65.0 18.01459 14
65.1 18.04583 14
65.2 18.07701 14
65.3 18.10820 14
65.4 18.16135 14
65.5 18.30413 14
65.6 18.26142 14
65.7 18.28811 14
65.8 18.37823 14
65.9 18.43841 14
66.0 18.45329 14
66.1 18.45867 14
66.2 18.46283 14
66.3 18.46615 14
66.4 18.46938 14
66.5 18.47386 14
66.6 18.49817 14
66.7 18.52706 14
66.8 18.55739 14
66.9 18.58773 14
67.0 18.61815 14
67.1 18.64851 14
67.2 18.67888 14
67.3 18.70932 14
67.4 18.73971 14
67.5 18.77018 14
67.6 18.82891 14
67.7 19.01147 14
67.8 18.96395 14
67.9 18.94808 14
68.0 18.98927 14
68.1 19.09908 14
68.2 19.14091 14
68.3 19.15297 14
68.4 19.15710 14
68.5 19.15991 14
68.6 19.16297 14
68.7 19.16534 14
68.8 19.16829 14
68.9 19.19155 14
69.0 19.21947 14
69.1 19.25007 14
69.2 19.28062 14
69.3 19.31124 14
69.4 19.34180 14
69.5 19.37237 14
69.6 19.40303 14
69.7 19.43362 14
69.8 19.46430 14
69.9 19.49491 14
70.0 19.54974 14
70.1 19.72969 14
70.2 19.67091 14
70.3 19.67465 14
70.4 19.72800 14
70.5 19.84330 14
70.6 19.87991 14
70.7 19.88965 14
70.8 19.89344 14
70.9 19.89529 14
71.0 19.89685 14
71.1 19.89895 14
71.2 19.90039 14
71.3 19.92051 14
71.4 19.94714 14
71.5 19.97797 14
71.6 20.00872 14
71.7 20.03949 14
71.8 20.07035 14
71.9 20.10114 14
72.0 20.13202 14
72.1 20.16283 14
72.2 20.19365 14
72.3 20.22456 14
72.4 20.25540 14
72.5 20.30804 14
72.6 20.48738 14
72.7 20.42782 14
72.8 20.43874 14
72.9 20.49802 14
73.0 20.61761 14
73.1 20.65756 14
73.2 20.66755 14
73.3 20.67017 14
73.4 20.67116 14
73.5 20.67244 14
73.6 20.67299 14
73.7 20.67414 14
73.8 20.68611 14
73.9 20.71170 14
74.0 20.74183 14
74.1 20.77282 14
74.2 20.80391 14
74.3 20.83492 14
74.4 20.86602 14
74.5 20.89706 14
74.6 20.92819 14
74.7 20.95925 14
74.8 20.99040 14
74.9 21.02148 14
75.0 21.05257 14
75.1 21.10472 14
75.2 21.29539 14
75.3 21.23123 14
75.4 21.23929 14
75.5 21.29299 14
75.6 21.42075 14
75.7 21.47603 14
75.8 21.48910 14
75.9 21.49181 14
76.0 21.49275 14
76.1 21.49241 14
76.2 21.49273 14
76.3 21.49226 14
76.4 21.49242 14
76.5 21.51577 14
76.6 21.54262 14
76.7 21.57396 14
76.8 21.60520 14
76.9 21.63656 14
77.0 21.66784 14
77.1 21.69922 14
77.2 21.73052 14
77.3 21.76191 14
77.4 21.79324 14
77.5 21.82466 14
77.6 21.85600 14
77.7 21.88735 14
77.8 21.94186 14
77.9 22.16096 14
78.0 22.09184 14
78.1 22.08008 14
78.2 22.11750 14
78.3 22.20902 14
78.4 22.32394 14
78.5 22.35661 14
78.6 22.36303 14
78.7 22.36338 14
78.8 22.36235 14
78.9 22.36165 14
79.0 22.36018 14
79.1 22.35933 14
79.2 22.35921 14
79.3 22.38564 14
79.4 22.41290 14
79.5 22.44451 14
79.6 22.47605 14
79.7 22.50769 14
79.8 22.53925 14
79.9 22.57091 14
80.0 22.60249 14
80.1 22.63417 14
80.2 22.66577 14
80.3 22.69738 14
80.4 22.72910 14
80.5 22.76073 14
80.6 22.79245 14
80.7 22.84204 14
80.8 23.05528 14
80.9 22.98063 14
81.0 22.98667 14
81.1 23.03472 14
81.2 23.14214 14
81.3 23.25110 14
81.4 23.28360 14
81.5 23.28815 14
81.6 23.28809 14
81.7 23.28601 14
81.8 23.28425 14
81.9 23.28156 14
82.0 23.27964 14
82.1 23.27702 14
82.2 23.29709 14
82.3 23.32387 14
82.4 23.35446 14
82.5 23.38638 14
82.6 23.41823 14
82.7 23.45017 14
82.8 23.48204 14
82.9 23.51401 14
83.0 23.54590 14
83.1 23.57787 14
83.2 23.60978 14
83.3 23.64179 14
83.4 23.62916 14
83.5 23.66106 14
83.6 23.64785 14
83.7 23.67953 14
83.8 23.71133 14
83.9 23.74304 14
84.0 23.79100 14
84.1 24.01392 14
84.2 23.93776 14
84.3 23.94046 14
84.4 23.93319 14
84.5 23.96065 14
84.6 24.02907 14
84.7 24.17653 14
84.8 24.24544 14
84.9 24.26995 14
85.0 24.27184 14
85.1 24.27039 14
85.2 24.26714 14
85.3 24.26426 14
85.4 24.26058 14
85.5 24.25756 14
85.6 24.25911 14
85.7 24.25608 14
85.8 24.25274 14
85.9 24.27978 14
86.0 24.30666 14
86.1 24.29343 14
86.2 24.32187 14
86.3 24.35338 14
86.4 24.38501 14
86.5 24.41656 14
86.6 24.44821 14
86.7 24.47978 14
86.8 24.51145 14
86.9 24.54314 14
87.0 24.57473 14
87.1 24.60644 14
87.2 24.63805 14
87.3 24.66977 14
87.4 24.70140 14
87.5 24.73314 14
87.6 24.76477 14
87.7 25.06517 14
87.8 24.99204 14
87.9 24.94960 14
88.0 24.96315 14
88.1 24.95057 14
88.2 24.98102 14
88.3 25.05018 14
88.4 25.19207 14
88.5 25.27806 14
88.6 25.31741 14
88.7 25.32081 14
88.8 25.31827 14
88.9 25.31483 14
89.0 25.31002 14
89.1 25.30593 14
89.2 25.30107 14
89.3 25.29689 14
89.4 25.29199 14
89.5 25.31357 14
89.6 25.34074 14
89.7 25.36996 14
89.8 25.40167 14
89.9 25.38143 14
90.0 25.41302 14
90.1 25.44471 14
90.2 25.47632 14
90.3 25.45319 14
90.4 25.48466 14
90.5 25.51624 14
90.6 25.54771 14
90.7 25.57930 14
90.8 25.61081 14
90.9 25.64242 14
91.0 25.67394 14
91.1 25.70557 14
91.2 25.73711 14
91.3 25.76876 14
91.4 25.80032 14
91.5 25.83199 14
91.6 26.16498 14
91.7 26.11549 14
91.8 26.03947 14
91.9 26.08254 14
92.0 26.03352 14
92.1 26.04184 14
92.2 26.08446 14
92.3 26.16888 14
92.4 26.32802 14
92.5 26.39623 14
92.6 26.43782 14
92.7 26.43920 14
92.8 26.43625 14
92.9 26.43098 14
93.0 26.42590 14
93.1 26.41992 14
93.2 26.41461 14
93.3 26.40908 14
93.4 26.40299 14
93.5 26.40804 14
93.6 26.43539 14
93.7 26.46294 14
93.8 26.44085 14
93.9 26.46828 14
94.0 26.49928 14
94.1 26.53086 14
94.2 26.56236 14
94.3 26.59396 14
94.4 26.62548 14
94.5 26.65710 14
94.6 26.68873 14
94.7 26.72026 14
94.8 26.75189 14
94.9 26.78344 14
95.0 26.81510 14
95.1 26.84667 14
95.2 26.87835 14
95.3 26.90994 14
95.4 26.94163 14
95.5 26.97334 14
95.6 27.00494 14
95.7 27.30835 14
95.8 27.20766 14
95.9 27.30089 14
96.0 27.20278 14
96.1 27.18821 14
96.2 27.21227 14
96.3 27.26774 14
96.4 27.37144 14
96.5 27.52710 14
96.6 27.59082 14
96.7 27.63556 14
96.8 27.63622 14
96.9 27.63138 14
97.0 27.62566 14
97.1 27.61864 14
97.2 27.61216 14
97.3 27.60561 14
97.4 27.59828 14
97.5 27.59169 14
97.6 27.58414 14
97.7 27.60587 14
97.8 27.63354 14
97.9 27.60638 14
98.0 27.63392 14
98.1 27.66166 14
98.2 27.69302 14
98.3 27.72464 14
98.4 27.68855 14
98.5 27.71991 14
98.6 27.75138 14
98.7 27.78276 14
98.8 27.81424 14
98.9 27.84564 14
99.0 27.87714 14
99.1 27.90865 14
99.2 27.94006 14
99.3 27.97155 14
99.4 28.00298 14
99.5 28.03452 14
99.6 28.06596 14
99.7 28.09752 14
99.8 28.12908 14
99.9 28.16054 14
100.0 28.12665 14
100.1 28.15796 14
100.2 28.18940 14
100.3 28.22073 14
100.4 28.57152 14
100.5 28.48419 14
100.6 28.42779 14
100.7 28.42828 14
100.8 28.46004 14
100.9 28.52171 14
101.0 28.63238 14
101.1 28.79341 14
101.2 28.85803 14
101.3 28.90432 14
101.4 28.91945 14
101.5 28.91409 14
101.6 28.44783 14
101.7 28.50011 14
101.8 28.59652 14
101.9 28.77326 14
102.0 28.84391 14
102.1 28.73481 14
102.2 28.83296 14
102.3 28.88598 14
102.4 28.92011 14
102.5 28.91702 14
102.6 28.43511 14
102.7 28.47806 14
102.8 28.55299 14
102.9 28.69711 14
103.0 28.82421 14
103.1 28.87984 14
103.2 28.92010 14
103.3 28.91743 14
103.4 28.91077 14
103.5 28.47367 14
103.6 28.55009 14
103.7 28.69181 14
103.8 28.82246 14
103.9 28.88095 14
104.0 28.92011 14
104.1 28.91730 14
104.2 28.43501 14
104.3 28.91855 14
104.4 28.91246 14
104.5 28.46299 14
104.6 28.53069 14
104.7 28.65417 14
104.8 28.81074 14
104.9 28.87010 14
105.0 28.91676 14
105.1 28.91792 14
105.2 28.91147 14
105.3 28.47063 14
105.4 28.54920 14
105.5 28.68988 14
105.6 28.82494 14
105.7 28.88262 14
105.8 28.92012 14
105.9 28.86509 14
106.0 28.91295 14
106.1 28.91836 14
106.2 28.91217 14
106.3 28.46506 14
106.4 28.53926 14
106.5 28.67029 14
106.6 28.81740 14
106.7 28.87723 14
106.8 28.92005 14
106.9 28.85873 14
107.0 28.90844 14
107.1 28.91883 14
107.2 28.91296 14
107.3 28.45913 14
107.4 28.52349 14
107.5 28.64962 14
107.6 28.80844 14
107.7 28.86827 14
107.8 28.91526 14
107.9 28.85123 14
108.0 28.90292 14
108.1 28.91943 14
108.2 28.91381 14
108.3 28.45301 14
108.4 28.51220 14
108.5 28.62737 14
108.6 28.79794 14
108.7 28.86070 14
108.8 28.90957 14
108.9 28.91873 14
109.0 28.89468 14
109.1 28.91980 14
109.2 28.91472 14
109.3 28.44513 14
109.4 28.50074 14
109.5 28.60369 14
109.6 28.78131 14
109.7 28.85192 14
109.8 28.90310 14
109.9 28.91944 14
110.0 28.88735 14
110.1 28.92006 14
110.2 28.91639 14
110.3 28.43951 14
110.4 28.48630 14
110.5 28.57723 14
110.6 28.75581 14
110.7 28.84133 14
110.8 28.89386 14
110.9 28.91986 14
111.0 28.87898 14
111.1 28.92007 14
111.2 28.91736 14
111.3 28.91042 14
111.4 28.47544 14
111.5 28.55694 14
111.6 28.70281 14
111.7 28.82914 14
111.8 28.88510 14
111.9 28.92012 14
112.0 28.86645 14
112.1 28.91379 14
112.2 28.91831 14
112.3 28.91211 14
112.4 28.46501 14
112.5 28.53699 14
112.6 28.66524 14
112.7 28.81512 14
112.8 28.87264 14
112.9 28.91825 14
113.0 28.85530 14
113.1 28.90526 14
113.2 28.91928 14
113.3 28.91355 14
113.4 28.45485 14
113.5 28.51501 14
113.6 28.63060 14
113.7 28.79849 14
113.8 28.86108 14
113.9 28.90958 14
114.0 28.91893 14
114.1 28.89411 14
114.2 28.91985 14
114.3 28.91493 14
114.4 28.44360 14
114.5 28.49788 14
114.6 28.59669 14
114.7 28.77614 14
114.8 28.84746 14
114.9 28.89993 14
115.0 28.91966 14
115.1 28.88324 14
115.2 28.92012 14
115.3 28.91698 14
115.4 28.43537 14
115.5 28.47883 14
115.6 28.56275 14
115.7 28.72518 14
115.8 28.83231 14
115.9 28.88680 14
116.0 28.92011 14
116.1 28.86798 14
116.2 28.91480 14
116.3 28.91821 14
116.4 28.91203 14
116.5 28.46499 14
116.6 28.53237 14
116.7 28.66392 14
116.8 28.81434 14
116.9 28.87193 14
117.0 28.91728 14
117.1 28.85320 14
117.2 28.90393 14
117.3 28.91938 14
117.4 28.91379 14
117.5 28.45269 14
117.6 28.51022 14
117.7 28.61936 14
117.8 28.78942 14
117.9 28.85713 14
118.0 28.90659 14
118.1 28.91922 14
118.2 28.88980 14
118.3 28.92007 14
118.4 28.91625 14
118.5 28.44035 14
118.6 28.48697 14
118.7 28.57763 14
118.8 28.75313 14
118.9 28.83973 14
119.0 28.89207 14
119.1 28.91993 14
119.2 28.87352 14
119.3 28.91861 14
119.4 28.91780 14
119.5 28.91142 14
119.6 28.46969 14
119.7 28.54581 14
119.8 28.67865 14
119.9 28.81956 14
120.0 28.87566 14
120.1 28.92004 14
120.2 28.85743 14
120.3 28.90664 14
120.4 28.91920 14
120.5 28.91348 14
120.6 28.45481 14
120.7 28.51406 14
120.8 28.62840 14
120.9 28.79275 14
121.0 28.85897 14
121.1 28.90758 14
121.2 28.91914 14
121.3 28.89093 14
121.4 28.92004 14
121.5 28.91542 14
121.6 28.44034 14
121.7 28.48756 14
121.8 28.57770 14
121.9 28.75348 14
122.0 28.83988 14
122.1 28.89180 14
122.2 28.92002 14
122.3 28.87280 14
122.4 28.91811 14
122.5 28.91786 14
122.6 28.91156 14
122.7 28.46814 14
122.8 28.53718 14
122.9 28.67190 14
123.0 28.81702 14
123.1 28.87347 14
123.2 28.91811 14
123.3 28.85397 14
123.4 28.90416 14
123.5 28.91939 14
123.6 28.91385 14
123.7 28.45010 14
123.8 28.50898 14
123.9 28.61502 14
124.0 28.78685 14
124.1 28.85451 14
124.2 28.90428 14
124.3 28.91939 14
124.4 28.88697 14
124.5 28.92011 14
124.6 28.91667 14
124.7 28.43675 14
124.8 28.48132 14
124.9 28.56548 14
125.0 28.71699 14
125.1 28.83240 14
125.2 28.88653 14
125.3 28.92011 14
125.4 28.86700 14
125.5 28.91344 14
125.6 28.91862 14
125.7 28.91254 14
125.8 28.46127 14
125.9 28.52524 14
126.0 28.64916 14
126.1 28.80622 14
126.2 28.86569 14
126.3 28.91236 14
126.4 28.91872 14
126.5 28.89540 14
126.6 28.91982 14
126.7 28.91483 14
126.8 28.44360 14
126.9 28.49307 14
127.0 28.58853 14
127.1 28.77230 14
127.2 28.84377 14
127.3 28.89440 14
127.4 28.91994 14
127.5 28.87535 14
127.6 28.91989 14
127.7 28.91765 14
127.8 28.91129 14
127.9 28.46947 14
128.0 28.53915 14
128.1 28.67509 14
128.2 28.81753 14
128.3 28.87402 14
128.4 28.91838 14
128.5 28.85415 14
128.6 28.90198 14
128.7 28.91943 14
128.8 28.91396 14
128.9 28.44925 14
129.0 28.50712 14
129.1 28.61107 14
129.2 28.78424 14
129.3 28.85187 14
129.4 28.90040 14
129.5 28.91954 14
129.6 28.88409 14
129.7 28.92012 14
129.8 28.91705 14
129.9 28.91042 14
130.0 28.47666 14
130.1 28.55675 14
130.2 28.69780 14
130.3 28.82592 14
130.4 28.87996 14
130.5 28.92010 14
130.6 28.86137 14
130.7 28.90881 14
130.8 28.91909 14
130.9 28.91331 14
131.0 28.45331 14
131.1 28.51508 14
131.2 28.62944 14
131.3 28.79267 14
131.4 28.85810 14
131.5 28.90608 14
131.6 28.91928 14
131.7 28.88867 14
131.8 28.92009 14
131.9 28.91650 14
132.0 28.43604 14
132.1 28.48150 14
132.2 28.56606 14
132.3 28.71467 14
132.4 28.83242 14
132.5 28.88614 14
132.6 28.92012 14
132.7 28.86569 14
132.8 28.91185 14
132.9 28.91882 14
133.0 28.91279 14
133.1 28.45905 14
133.2 28.52062 14
133.3 28.63911 14
133.4 28.79719 14
133.5 28.86162 14
133.6 28.90935 14
133.7 28.91906 14
133.8 28.89135 14
133.9 28.92004 14
134.0 28.91623 14
134.1 28.43983 14
134.2 28.48527 14
134.3 28.57229 14
134.4 28.72543 14
134.5 28.83532 14
134.6 28.88852 14
134.7 28.92010 14
134.8 28.86848 14
134.9 28.91398 14
135.0 28.91862 14
135.1 28.91255 14
135.2 28.46110 14
135.3 28.52378 14
135.4 28.64625 14
135.5 28.80025 14
135.6 28.86385 14
135.7 28.91049 14
135.8 28.91894 14
135.9 28.89268 14
136.0 28.92000 14
136.1 28.91532 14
136.2 28.44068 14
136.3 28.48729 14
136.4 28.57547 14
136.5 28.73219 14
136.6 28.83722 14
136.7 28.88962 14
136.8 28.92009 14
136.9 28.86918 14
137.0 28.91478 14
137.1 28.91855 14
137.2 28.91240 14
137.3 28.46194 14
137.4 28.52479 14
137.5 28.64731 14
137.6 28.80131 14
137.7 28.86392 14
137.8 28.91113 14
137.9 28.91890 14
138.0 28.89291 14
138.1 28.92000 14
138.2 28.91528 14
138.3 28.44075 14
138.4 28.48792 14
138.5 28.57599 14
138.6 28.73014 14
138.7 28.83682 14
138.8 28.88969 14
138.9 28.92008 14
139.0 28.86938 14
139.1 28.91473 14
139.2 28.91863 14
139.3 28.91248 14
139.4 28.46173 14
139.5 28.52511 14
139.6 28.64706 14
139.7 28.80079 14
139.8 28.86326 14
139.9 28.91043 14
140.0 28.91893 14
140.1 28.89285 14
140.2 28.92001 14
140.3 28.91535 14
140.4 28.43796 14
140.5 28.48577 14
140.6 28.57432 14
140.7 28.72879 14
140.8 28.83610 14
140.9 28.88893 14
141.0 28.92010 14
141.1 28.86796 14
141.2 28.91373 14
141.3 28.91867 14
141.4 28.91258 14
141.5 28.46072 14
141.6 28.52177 14
141.7 28.64201 14
141.8 28.79901 14
141.9 28.86248 14
142.0 28.90923 14
142.1 28.91902 14
142.2 28.89091 14
142.3 28.92005 14
142.4 28.91623 14
142.5 28.43742 14
142.6 28.48432 14
142.7 28.56990 14
142.8 28.71859 14
142.9 28.83304 14
143.0 28.88481 14
143.1 28.92011 14
143.2 28.86657 14
143.3 28.91211 14
143.4 28.91886 14
143.5 28.91286 14
143.6 28.45666 14
143.7 28.51861 14
143.8 28.63638 14
143.9 28.79632 14
144.0 28.85955 14
144.1 28.90564 14
144.2 28.91915 14
144.3 28.88877 14
144.4 28.92008 14
144.5 28.91647 14
144.6 28.43580 14
144.7 28.48145 14
144.8 28.56569 14
144.9 28.70957 14
145.0 28.83083 14
145.1 28.88256 14
145.2 28.92011 14
145.3 28.86241 14
145.4 28.91053 14
145.5 28.91902 14
145.6 28.91309 14
145.7 28.45432 14
145.8 28.51495 14
145.9 28.62866 14
146.0 28.79306 14
146.1 28.85577 14
146.2 28.90412 14
146.3 28.91928 14
146.4 28.88444 14
146.5 28.92011 14
146.6 28.91670 14
146.7 28.91019 14
146.8 28.47920 14
146.9 28.56042 14
147.0 28.69993 14
147.1 28.82733 14
147.2 28.88050 14
147.3 28.92009 14
147.4 28.86033 14
147.5 28.90627 14
147.6 28.91919 14
147.7 28.91343 14
147.8 28.45245 14
147.9 28.51118 14
148.0 28.61964 14
148.1 28.78960 14
148.2 28.85302 14
148.3 28.90159 14
148.4 28.91945 14
148.5 28.88218 14
148.6 28.92012 14
148.7 28.91693 14
148.8 28.91060 14
148.9 28.47555 14
149.0 28.55117 14
149.1 28.69059 14
149.2 28.82432 14
149.3 28.87845 14
149.4 28.92005 14
149.5 28.91781 14
149.6 28.90455 14
149.7 28.91936 14
149.8 28.91366 14
149.9 28.45073 14
