15.0 1.42676 13
15.1 1.43426 13
15.2 1.44178 13
15.3 1.44918 13
15.4 1.45671 13
15.5 1.46412 13
15.6 1.47168 13
15.7 1.47910 13
15.8 1.48689 13
15.9 1.49433 13
16.0 1.50177 13
16.1 1.50937 13
16.2 1.51682 13
16.3 1.52427 13
16.4 1.53173 13
16.5 1.53937 13
16.6 1.54684 13
16.7 1.55431 13
16.8 1.56179 13
16.9 1.56927 13
17.0 1.57676 13
17.1 1.58425 13
17.2 1.59175 13
17.3 1.59953 13
17.4 1.60704 13
17.5 1.61456 13
17.6 1.62208 13
17.7 1.62937 13
17.8 1.63690 13
17.9 1.64444 13
18.0 1.65198 13
18.1 1.65953 13
18.2 1.66682 13
18.3 1.67437 13
18.4 1.68193 13
18.5 1.68949 13
18.6 1.69678 13
18.7 1.70435 13
18.8 1.71532 13
18.9 1.72603 13
19.0 1.73726 13
19.1 1.74811 13
19.2 1.75951 13
19.3 1.77099 13
19.4 1.78206 13
19.5 1.79371 13
19.6 1.80492 13
19.7 1.81674 13
19.8 1.82809 13
19.9 1.84009 13
20.0 1.85224 13
20.1 1.86442 13
20.2 1.87608 13
20.3 1.88844 13
20.4 1.90025 13
20.5 1.91279 13
20.6 1.92475 13
20.7 1.93679 13
20.8 1.94959 13
20.9 1.96178 13
21.0 1.97556 13
21.1 1.98792 13
21.2 2.00035 13
21.3 12.84163 14
21.4 12.82448 14
21.5 12.80498 14
21.6 12.78137 14
21.7 12.75591 14
21.8 12.73583 14
21.9 12.71310 14
22.0 12.68904 14
22.1 12.66218 14
22.2 12.63225 14
22.3 12.60687 14
22.4 12.58068 14
22.5 12.55184 14
22.6 12.51980 14
22.7 12.48441 14
22.8 12.45301 14
22.9 12.42218 14
23.0 12.38851 14
23.1 12.35142 14
23.2 12.31073 14
23.3 12.27518 14
23.4 12.24001 14
23.5 12.20173 14
23.6 12.15995 14
23.7 12.11417 14
23.8 12.07593 14
23.9 12.03689 14
24.0 11.99458 14
24.1 11.94861 14
24.2 11.89827 14
24.3 5.71639 14
24.4 5.75949 14
24.5 5.80199 14
24.6 5.84332 14
24.7 5.88256 14
24.8 5.91507 14
24.9 5.94610 14
25.0 5.96973 14
25.1 5.98811 14
25.2 6.01050 14
25.3 6.01772 14
25.4 6.02753 14
25.5 6.03923 14
25.6 6.03548 14
25.7 6.05076 14
25.8 6.07653 14
25.9 6.10542 14
26.0 6.13387 14
26.1 6.16558 14
26.2 6.19755 14
26.3 6.23044 14
26.4 6.26042 14
26.5 6.29284 14
26.6 6.32612 14
26.7 6.36022 14
26.8 6.39541 14
26.9 6.43166 14
27.0 6.47050 14
27.1 6.50650 14
27.2 6.54357 14
27.3 6.58280 14
27.4 6.62290 14
27.5 6.66375 14
27.6 6.70405 14
27.7 6.74474 14
27.8 6.78614 14
27.9 6.83002 14
28.0 6.87293 14
28.1 6.91101 14
28.2 6.94805 14
28.3 6.98850 14
28.4 7.03334 14
28.5 7.07875 14
28.6 7.12107 14
28.7 6.72161 14
28.8 6.73952 14
28.9 6.75762 14
29.0 6.77589 14
29.1 6.79427 14
29.2 6.81361 14
29.3 6.83321 14
29.4 6.85300 14
29.5 6.87301 14
29.6 6.89324 14
29.7 6.91372 14
29.8 6.93447 14
29.9 6.95552 14
30.0 6.97691 14
30.1 6.99867 14
30.2 7.02086 14
30.3 7.04355 14
30.4 7.06680 14
30.5 7.09071 14
30.6 7.11540 14
30.7 7.14105 14
30.8 7.16780 14
30.9 7.19542 14
31.0 7.22284 14
31.1 7.25018 14
31.2 7.21006 14
31.3 7.22371 14
31.4 7.23781 14
31.5 7.25244 14
31.6 7.26765 14
31.7 7.28346 14
31.8 7.29991 14
31.9 7.42965 14
32.0 7.43591 14
32.1 7.43838 14
32.2 7.44155 14
32.3 7.45026 14
32.4 7.46334 14
32.5 7.47989 14
32.6 7.49951 14
32.7 7.52216 14
32.8 7.54825 14
32.9 7.57874 14
33.0 7.61521 14
33.1 7.64790 14
33.2 7.67544 14
33.3 7.70027 14
33.4 7.72234 14
33.5 7.74324 14
33.6 7.76238 14
33.7 7.78028 14
33.8 7.79741 14
33.9 7.81406 14
34.0 7.83040 14
34.1 7.84654 14
34.2 7.86252 14
34.3 7.87839 14
34.4 7.89417 14
34.5 7.90989 14
34.6 7.92550 14
34.7 7.94103 14
34.8 7.95650 14
34.9 7.97189 14
35.0 7.99132 14
35.1 8.01323 14
35.2 8.03527 14
35.3 8.05745 14
35.4 8.07978 14
35.5 8.10228 14
35.6 8.12497 14
35.7 8.14786 14
35.8 8.17098 14
35.9 8.19533 14
36.0 8.22068 14
36.1 8.24627 14
36.2 8.27215 14
36.3 8.29831 14
36.4 8.32482 14
36.5 8.35172 14
36.6 8.37906 14
36.7 8.40690 14
36.8 8.43531 14
36.9 8.46440 14
37.0 8.49426 14
37.1 8.52505 14
37.2 8.55693 14
37.3 8.59012 14
37.4 8.62488 14
37.5 8.66155 14
37.6 8.69941 14
37.7 8.64709 14
37.8 8.66341 14
37.9 8.68036 14
38.0 8.69799 14
38.1 8.71632 14
38.2 8.73539 14
38.3 8.75521 14
38.4 8.94586 14
38.5 8.93621 14
38.6 8.90702 14
38.7 8.90818 14
38.8 8.92719 14
38.9 8.96014 14
39.0 9.01006 14
39.1 9.06979 14
39.2 9.10579 14
39.3 9.13184 14
39.4 9.15126 14
39.5 9.16710 14
39.6 9.18123 14
39.7 9.19457 14
39.8 9.20754 14
39.9 9.22031 14
40.0 9.23294 14
40.1 9.24547 14
40.2 9.25792 14
40.3 9.27029 14
40.4 9.28702 14
40.5 9.31104 14
40.6 9.33528 14
40.7 9.35978 14
40.8 9.38457 14
40.9 9.40969 14
41.0 9.43575 14
41.1 9.46432 14
41.2 9.49324 14
41.3 9.52259 14
41.4 9.55241 14
41.5 9.58279 14
41.6 9.61382 14
41.7 9.64562 14
41.8 9.67835 14
41.9 9.71218 14
42.0 9.74737 14
42.1 9.78419 14
42.2 9.82304 14
42.3 9.86439 14
42.4 9.90892 14
42.5 9.85885 14
42.6 9.87404 14
42.7 9.89028 14
42.8 9.90762 14
42.9 9.92610 14
43.0 9.94576 14
43.1 10.17670 14
43.2 10.15245 14
43.3 9.98231 14
43.4 9.95330 14
43.5 9.93647 14
43.6 9.75006 14
43.7 9.68010 14
43.8 9.65825 14
43.9 9.66802 14
44.0 9.67627 14
44.1 9.64821 14
44.2 9.52880 14
44.3 9.43208 14
44.4 9.35346 14
44.5 9.30104 14
44.6 9.27594 14
44.7 9.22085 14
44.8 9.19406 14
44.9 9.17010 14
45.0 9.17898 14
45.1 9.18710 14
45.2 9.11297 14
45.3 9.06022 14
45.4 8.97855 14
45.5 8.96672 14
45.6 8.88879 14
45.7 8.85329 14
45.8 8.81677 14
45.9 8.81610 14
46.0 8.77807 14
46.1 8.75982 14
46.2 8.76785 14
46.3 8.77586 14
46.4 8.77426 14
46.5 8.66863 14
46.6 8.67174 14
46.7 8.59369 14
46.8 8.59579 14
46.9 8.51746 14
47.0 8.51257 14
47.1 8.46314 14
47.2 8.49433 14
47.3 8.62104 14
47.4 8.55536 14
47.5 8.57340 14
47.6 8.61146 14
47.7 8.68105 14
47.8 8.85308 14
47.9 8.79263 14
48.0 8.83668 14
48.1 8.92674 14
48.2 8.94777 14
48.3 8.95768 14
48.4 8.96662 14
48.5 8.97543 14
48.6 9.00889 14
48.7 9.05044 14
48.8 9.09222 14
48.9 9.13423 14
49.0 9.17647 14
49.1 9.21894 14
49.2 9.30052 14
49.3 9.32651 14
49.4 9.44301 14
49.5 9.45320 14
49.6 9.56579 14
49.7 9.60377 14
49.8 9.61545 14
49.9 9.62423 14
50.0 9.63270 14
50.1 9.65229 14
50.2 9.69437 14
50.3 9.73967 14
50.4 9.78511 14
50.5 9.83076 14
50.6 9.87664 14
50.7 9.92275 14
50.8 10.00855 14
50.9 10.03758 14
51.0 10.15581 14
51.1 10.18369 14
51.2 10.31080 14
51.3 10.34851 14
51.4 10.35983 14
51.5 10.36810 14
51.6 10.37602 14
51.7 10.39347 14
51.8 10.43744 14
51.9 10.48630 14
52.0 10.53540 14
52.1 10.58473 14
52.2 10.63442 14
52.3 10.68423 14
52.4 10.73428 14
52.5 10.81623 14
52.6 11.02724 14
52.7 10.96331 14
52.8 11.06146 14
52.9 11.16912 14
53.0 11.19005 14
53.1 11.19335 14
53.2 11.20118 14
53.3 11.20956 14
53.4 11.21073 14
53.5 11.22360 14
53.6 11.26793 14
53.7 11.32031 14
53.8 11.33513 14
53.9 11.38764 14
54.0 11.44038 14
54.1 11.49348 14
54.2 11.54669 14
54.3 11.60014 14
54.4 11.69513 14
54.5 11.97537 14
54.6 11.86745 14
54.7 11.91528 14
54.8 12.07700 14
54.9 12.12236 14
55.0 12.13388 14
55.1 12.13595 14
55.2 12.14246 14
55.3 12.14403 14
55.4 12.15010 14
55.5 12.16824 14
55.6 12.21722 14
55.7 12.27313 14
55.8 12.32926 14
55.9 12.38577 14
56.0 12.44235 14
56.1 12.49920 14
56.2 12.55626 14
56.3 12.61371 14
56.4 12.70673 14
56.5 12.95721 14
56.6 12.91898 14
56.7 12.89495 14
56.8 13.02662 14
56.9 13.15709 14
57.0 13.18089 14
57.1 13.18965 14
57.2 13.19488 14
57.3 13.19963 14
57.4 13.20872 14
57.5 13.25775 14
57.6 13.31765 14
57.7 13.37773 14
57.8 13.43821 14
57.9 13.49876 14
58.0 13.55955 14
58.1 13.56835 14
58.2 13.62937 14
58.3 13.69045 14
58.4 13.80323 14
58.5 14.08874 14
58.6 14.03514 14
58.7 14.04026 14
58.8 14.11001 14
58.9 14.15288 14
59.0 14.16102 14
59.1 14.16127 14
59.2 14.16343 14
59.3 14.16543 14
59.4 14.16673 14
59.5 14.16844 14
59.6 14.17026 14
59.7 14.18989 14
59.8 14.21409 14
59.9 14.23829 14
60.0 14.26256 14
60.1 14.28678 14
60.2 14.31101 14
60.3 14.33531 14
60.4 14.35955 14
60.5 14.38375 14
60.6 14.42522 14
60.7 14.56445 14
60.8 14.50924 14
60.9 14.52976 14
61.0 14.53177 14
61.1 14.61689 14
61.2 14.64386 14
61.3 14.65004 14
61.4 14.65144 14
61.5 14.65216 14
61.6 14.65336 14
61.7 14.65393 14
61.8 14.67118 14
61.9 14.69422 14
62.0 14.71843 14
62.1 14.74264 14
62.2 14.76694 14
62.3 14.79118 14
62.4 14.81542 14
62.5 14.81515 14
62.6 14.83936 14
62.7 14.86353 14
62.8 14.88777 14
62.9 14.92702 14
63.0 15.05663 14
63.1 15.01185 14
63.2 15.03914 14
63.3 15.12944 14
63.4 15.15626 14
63.5 15.16183 14
63.6 15.16265 14
63.7 15.16323 14
63.8 15.16313 14
63.9 15.16360 14
64.0 15.17556 14
64.1 15.17415 14
64.2 15.19507 14
64.3 15.21927 14
64.4 15.24340 14
64.5 15.26763 14
64.6 15.29178 14
64.7 15.31594 14
64.8 15.34017 14
64.9 15.36434 14
65.0 15.38851 14
65.1 15.41279 14
65.2 15.45112 14
65.3 15.58103 14
65.4 15.60210 14
65.5 15.53939 14
65.6 15.54119 14
65.7 15.55114 14
65.8 15.61420 14
65.9 15.68590 14
66.0 15.69841 14
66.1 15.70012 14
66.2 15.70033 14
66.3 15.69951 14
66.4 15.69866 14
66.5 15.69840 14
66.6 15.71425 14
66.7 15.73599 14
66.8 15.76004 14
66.9 15.78410 14
67.0 15.80824 14
67.1 15.80371 14
67.2 15.82768 14
67.3 15.85174 14
67.4 15.87572 14
67.5 15.89979 14
67.6 15.92378 14
67.7 15.94778 14
67.8 15.99144 14
67.9 16.17420 14
68.0 16.10795 14
68.1 16.09575 14
68.2 16.13538 14
68.3 16.23576 14
68.4 16.26029 14
68.5 16.26549 14
68.6 16.26514 14
68.7 16.26523 14
68.8 16.26457 14
68.9 16.26303 14
69.0 16.26208 14
69.1 16.26049 14
69.2 16.27516 14
69.3 16.29620 14
69.4 16.32020 14
69.5 16.34428 14
69.6 16.36832 14
69.7 16.39242 14
69.8 16.41646 14
69.9 16.44050 14
70.0 16.46463 14
70.1 16.48865 14
70.2 16.51275 14
70.3 16.50507 14
70.4 16.52899 14
70.5 16.57099 14
70.6 16.76083 14
70.7 16.68839 14
70.8 16.67890 14
70.9 16.71793 14
71.0 16.82656 14
71.1 16.85474 14
71.2 16.86106 14
71.3 16.86032 14
71.4 16.85899 14
71.5 16.85680 14
71.6 16.85513 14
71.7 16.85280 14
71.8 16.86295 14
71.9 16.85521 14
72.0 16.87498 14
72.1 16.89714 14
72.2 16.92107 14
72.3 16.94508 14
72.4 16.96902 14
72.5 16.99304 14
72.6 17.01697 14
72.7 17.04093 14
72.8 17.06498 14
72.9 17.08895 14
73.0 17.11301 14
73.1 17.13699 14
73.2 17.17898 14
73.3 17.38418 14
73.4 17.30893 14
73.5 17.29101 14
73.6 17.29052 14
73.7 17.30301 14
73.8 17.36002 14
73.9 17.46552 14
74.0 17.48616 14
74.1 17.48993 14
74.2 17.48823 14
74.3 17.48619 14
74.4 17.48318 14
74.5 17.48068 14
74.6 17.47759 14
74.7 17.48401 14
74.8 17.50397 14
74.9 17.52656 14
75.0 17.55051 14
75.1 17.57444 14
75.2 17.55748 14
75.3 17.58551 14
75.4 17.56839 14
75.5 17.59211 14
75.6 17.61592 14
75.7 17.63967 14
75.8 17.66350 14
75.9 17.68724 14
76.0 17.71108 14
76.1 17.73485 14
76.2 17.75861 14
76.3 17.78246 14
76.4 17.82232 14
76.5 18.03842 14
76.6 17.95509 14
76.7 17.93857 14
76.8 17.96805 14
76.9 18.04722 14
77.0 17.99042 14
77.1 18.10274 14
77.2 18.14608 14
77.3 18.15403 14
77.4 18.15313 14
77.5 18.15058 14
77.6 18.14698 14
77.7 18.14379 14
77.8 18.14003 14
77.9 18.13671 14
78.0 18.14628 14
78.1 18.16644 14
78.2 18.18846 14
78.3 18.21122 14
78.4 18.23390 14
78.5 18.25666 14
78.6 18.27935 14
78.7 18.26352 14
78.8 18.28609 14
78.9 18.30875 14
79.0 18.33133 14
79.1 18.35400 14
79.2 18.37658 14
79.3 18.39923 14
79.4 18.42182 14
79.5 18.44449 14
79.6 18.48345 14
79.7 18.71289 14
79.8 18.64110 14
79.9 18.60272 14
80.0 18.61690 14
80.1 18.66827 14
80.2 18.79271 14
80.3 18.81967 14
80.4 18.82557 14
80.5 18.82221 14
80.6 18.82564 14
80.7 18.82406 14
80.8 18.82024 14
80.9 18.81664 14
81.0 18.81230 14
81.1 18.80856 14
81.2 18.80418 14
81.3 18.80950 14
81.4 18.82861 14
81.5 18.84880 14
81.6 18.87132 14
81.7 18.89392 14
81.8 18.91641 14
81.9 18.93902 14
82.0 18.96154 14
82.1 18.98415 14
82.2 18.96443 14
82.3 18.98692 14
82.4 19.00933 14
82.5 19.03183 14
82.6 19.05423 14
82.7 19.07674 14
82.8 19.09925 14
82.9 19.12167 14
83.0 19.14417 14
83.1 19.17648 14
83.2 19.38541 14
83.3 19.30044 14
83.4 19.29520 14
83.5 19.32586 14
83.6 19.39831 14
83.7 19.51253 14
83.8 19.53132 14
83.9 19.53404 14
84.0 19.53177 14
84.1 19.53402 14
84.2 19.53168 14
84.3 19.52784 14
84.4 19.52290 14
84.5 19.51850 14
84.6 19.51325 14
84.7 19.50879 14
84.8 19.50370 14
84.9 19.52295 14
85.0 19.54209 14
85.1 19.56351 14
85.2 19.58584 14
85.3 19.60827 14
85.4 19.63070 14
85.5 19.65303 14
85.6 19.67547 14
85.7 19.69781 14
85.8 19.72022 14
85.9 19.74257 14
86.0 19.71864 14
86.1 19.74086 14
86.2 19.76318 14
86.3 19.78541 14
86.4 19.80773 14
86.5 19.83006 14
86.6 19.85229 14
86.7 19.87462 14
86.8 20.15310 14
86.9 20.08713 14
87.0 20.02570 14
87.1 20.02640 14
87.2 20.05955 14
87.3 20.13276 14
87.4 20.25915 14
87.5 20.28008 14
87.6 20.28435 14
87.7 20.28153 14
87.8 20.27722 14
87.9 20.28214 14
88.0 20.27806 14
88.1 20.27257 14
88.2 20.26750 14
88.3 20.26237 14
88.4 20.25655 14
88.5 20.25139 14
88.6 20.24849 14
88.7 20.26780 14
88.8 20.28695 14
88.9 20.30795 14
89.0 20.33018 14
89.1 20.35232 14
89.2 20.37456 14
89.3 20.39670 14
89.4 20.41894 14
89.5 20.44108 14
89.6 20.46332 14
89.7 20.48557 14
89.8 20.45710 14
89.9 20.47922 14
90.0 20.50124 14
90.1 20.52334 14
90.2 20.54536 14
90.3 20.56748 14
90.4 20.58961 14
90.5 20.61163 14
90.6 20.63376 14
90.7 20.66282 14
90.8 20.91846 14
90.9 20.64054 14
91.0 20.93695 14
91.1 20.87544 14
91.2 20.80214 14
91.3 20.79500 14
91.4 20.81955 14
91.5 20.87552 14
91.6 20.99064 14
91.7 21.06733 14
91.8 20.93494 14
91.9 21.05745 14
92.0 21.07571 14
92.1 21.07919 14
92.2 21.07592 14
92.3 21.07111 14
92.4 21.06495 14
92.5 21.05922 14
92.6 21.05342 14
92.7 21.04693 14
92.8 21.04110 14
92.9 21.03462 14
93.0 21.04562 14
93.1 21.06460 14
93.2 21.08380 14
93.3 21.10527 14
93.4 21.12706 14
93.5 21.14893 14
93.6 21.17071 14
93.7 21.19259 14
93.8 21.21447 14
93.9 21.18128 14
94.0 21.20303 14
94.1 21.22467 14
94.2 21.24643 14
94.3 21.26818 14
94.4 21.28984 14
94.5 21.31159 14
94.6 21.33321 14
94.7 21.35497 14
94.8 21.37672 14
94.9 21.39838 14
95.0 21.42013 14
95.1 21.44178 14
95.2 21.47002 14
95.3 21.75684 14
95.4 21.65469 14
95.5 21.61391 14
95.6 21.61708 14
95.7 21.64773 14
95.8 21.70945 14
95.9 21.62527 14
96.0 21.66533 14
96.1 21.74258 14
96.2 21.89302 14
96.3 21.91671 14
96.4 21.92265 14
96.5 21.92093 14
96.6 21.91611 14
96.7 21.90950 14
96.8 21.90317 14
96.9 21.89604 14
97.0 21.88953 14
97.1 21.88301 14
97.2 21.87581 14
97.3 21.86930 14
97.4 21.88034 14
97.5 21.89946 14
97.6 21.91863 14
97.7 21.93912 14
97.8 21.96075 14
97.9 21.98239 14
98.0 22.00392 14
98.1 21.96565 14
98.2 21.98705 14
98.3 22.00855 14
98.4 22.03005 14
98.5 22.05146 14
98.6 22.07296 14
98.7 22.09445 14
98.8 22.11586 14
98.9 22.13736 14
99.0 22.15876 14
99.1 22.18023 14
99.2 22.20173 14
99.3 22.22314 14
99.4 22.24464 14
99.5 22.26614 14
99.6 22.28754 14
99.7 22.30905 14
99.8 22.33291 14
99.9 22.63345 14
100.0 22.52082 14
100.1 22.48222 14
100.2 22.48528 14
100.3 22.51505 14
100.4 22.48134 14
100.5 22.48656 14
100.6 22.51591 14
100.7 22.57387 14
100.8 22.68054 14
100.9 22.80165 14
101.0 22.81761 14
101.1 22.82043 14
101.2 22.81652 14
101.3 22.81076 14
101.4 22.80408 14
101.5 22.79638 14
101.6 22.78924 14
101.7 22.78137 14
101.8 22.77417 14
101.9 22.76697 14
102.0 22.75885 14
102.1 22.75854 14
102.2 22.77766 14
102.3 22.79665 14
102.4 22.81578 14
102.5 22.77658 14
102.6 22.79544 14
102.7 22.81445 14
102.8 22.83509 14
102.9 22.85621 14
103.0 22.87743 14
103.1 22.89867 14
103.2 22.91979 14
103.3 22.94102 14
103.4 22.96214 14
103.5 22.98336 14
103.6 23.00459 14
103.7 23.02567 14
103.8 23.04689 14
103.9 23.06812 14
104.0 22.87719 14
104.1 22.89842 14
104.2 22.92073 14
104.3 22.94196 14
104.4 22.96308 14
104.5 22.98575 14
104.6 23.00699 14
104.7 23.02806 14
104.8 22.98129 14
104.9 23.00238 14
105.0 23.02331 14
105.1 23.04594 14
105.2 23.06703 14
105.3 22.87596 14
105.4 22.89860 14
105.5 22.92076 14
105.6 22.94185 14
105.7 22.96438 14
105.8 22.98692 14
105.9 23.00798 14
106.0 23.03052 14
106.1 23.05315 14
106.2 22.86209 14
106.3 22.88475 14
106.4 22.90847 14
106.5 22.92957 14
106.6 22.95223 14
106.7 22.97623 14
106.8 22.99733 14
106.9 23.01986 14
107.0 23.04406 14
107.1 23.06517 14
107.2 23.01048 14
107.3 23.03445 14
107.4 23.05695 14
107.5 22.86733 14
107.6 22.88986 14
107.7 22.91345 14
107.8 22.93599 14
107.9 22.95842 14
108.0 22.98240 14
108.1 23.00495 14
108.2 23.02890 14
108.3 23.05142 14
108.4 22.86182 14
108.5 22.88594 14
108.6 22.90955 14
108.7 22.93369 14
108.8 22.95626 14
108.9 22.98173 14
109.0 23.00431 14
109.1 23.02828 14
109.2 23.05241 14
109.3 22.86285 14
109.4 22.88699 14
109.5 22.91222 14
109.6 23.06357 14
109.7 22.87384 14
109.8 22.89930 14
109.9 22.92293 14
110.0 22.94538 14
110.1 22.97085 14
110.2 22.99476 14
110.3 23.02024 14
110.4 23.04581 14
110.5 23.06828 14
110.6 22.88018 14
110.7 22.90686 14
110.8 22.93094 14
110.9 22.95658 14
111.0 22.98197 14
111.1 23.00607 14
111.2 23.03156 14
111.3 23.05722 14
111.4 22.87074 14
111.5 22.89637 14
111.6 22.92159 14
111.7 22.94571 14
111.8 22.97432 14
111.9 23.00004 14
112.0 23.02563 14
112.1 22.95303 14
112.2 22.98151 14
112.3 23.00550 14
112.4 23.03249 14
112.5 23.05803 14
112.6 22.87306 14
112.7 22.89859 14
112.8 22.92531 14
112.9 22.95089 14
113.0 22.97784 14
113.1 23.00508 14
113.2 23.03212 14
113.3 23.05933 14
113.4 22.87441 14
113.5 22.90311 14
113.6 22.92998 14
113.7 22.95724 14
113.8 22.98585 14
113.9 23.01152 14
114.0 23.04182 14
114.1 23.06753 14
114.2 22.88108 14
114.3 22.91103 14
114.4 22.93835 14
114.5 23.07117 14
114.6 22.88775 14
114.7 22.91595 14
114.8 22.94315 14
114.9 22.97016 14
115.0 23.00043 14
115.1 23.02606 14
115.2 23.05479 14
115.3 22.86983 14
115.4 22.89699 14
115.5 22.92211 14
115.6 23.05813 14
115.7 22.87319 14
115.8 22.90170 14
115.9 22.92678 14
116.0 22.95385 14
116.1 22.98224 14
116.2 23.00971 14
116.3 23.03666 14
116.4 23.06533 14
116.5 22.87868 14
116.6 22.90844 14
116.7 22.93556 14
116.8 23.06859 14
116.9 22.88179 14
117.0 22.91140 14
117.1 22.93836 14
117.2 22.96681 14
117.3 22.99368 14
117.4 23.02270 14
117.5 23.04963 14
117.6 22.86129 14
117.7 22.88990 14
117.8 22.91796 14
117.9 22.94504 14
118.0 22.86591 14
118.1 22.89435 14
118.2 22.92067 14
118.3 22.94759 14
118.4 22.97577 14
118.5 23.00448 14
118.6 23.03177 14
118.7 23.05866 14
118.8 22.87340 14
118.9 22.90177 14
119.0 22.92672 14
119.1 23.06099 14
119.2 22.87618 14
119.3 22.90440 14
119.4 22.93079 14
119.5 22.95756 14
119.6 22.98569 14
119.7 23.01125 14
119.8 23.03851 14
119.9 23.06689 14
120.0 22.87995 14
120.1 22.90942 14
120.2 22.93625 14
120.3 23.06898 14
120.4 22.88251 14
120.5 22.91182 14
120.6 22.93850 14
120.7 22.96665 14
120.8 22.99323 14
120.9 23.02196 14
121.0 23.04923 14
121.1 22.86060 14
121.2 22.88891 14
121.3 22.91510 14
121.4 22.94347 14
121.5 22.86246 14
121.6 22.89125 14
121.7 22.91888 14
121.8 22.94550 14
121.9 22.97194 14
122.0 23.00163 14
122.1 23.02726 14
122.2 23.05583 14
122.3 22.87050 14
122.4 22.89553 14
122.5 22.92162 14
122.6 23.05707 14
122.7 22.87194 14
122.8 22.89900 14
122.9 22.92361 14
123.0 22.95171 14
123.1 22.97794 14
123.2 23.00627 14
123.3 23.03317 14
123.4 23.06031 14
123.5 22.87489 14
123.6 22.90288 14
123.7 22.92744 14
123.8 23.06133 14
123.9 22.87612 14
124.0 22.90460 14
124.1 22.92924 14
124.2 22.95563 14
124.3 22.98335 14
124.4 23.00996 14
124.5 23.03702 14
124.6 23.06544 14
124.7 22.87857 14
124.8 22.90646 14
124.9 22.93253 14
125.0 23.06628 14
125.1 22.87939 14
125.2 22.90778 14
125.3 22.93416 14
125.4 22.96034 14
125.5 22.98809 14
125.6 23.01318 14
125.7 23.04157 14
125.8 23.06851 14
125.9 22.88156 14
126.0 22.91055 14
126.1 22.93689 14
126.2 23.06915 14
126.3 22.88218 14
126.4 22.91146 14
126.5 22.93812 14
126.6 22.96604 14
126.7 22.99054 14
126.8 23.01553 14
126.9 23.04696 14
127.0 23.07067 14
127.1 22.88363 14
127.2 22.91276 14
127.3 22.93901 14
127.4 23.07115 14
127.5 22.88566 14
127.6 22.91328 14
127.7 22.94008 14
127.8 22.96791 14
127.9 22.99232 14
128.0 23.01887 14
128.1 23.04855 14
128.2 23.07217 14
128.3 22.88820 14
128.4 22.91432 14
128.5 22.94048 14
128.6 23.07251 14
128.7 22.88853 14
128.8 22.91444 14
128.9 22.94117 14
129.0 22.96914 14
129.1 22.99506 14
129.2 23.02312 14
129.3 23.04971 14
129.4 23.07302 14
129.5 22.88896 14
129.6 22.91498 14
129.7 22.94131 14
129.8 23.07323 14
129.9 22.88916 14
130.0 22.91521 14
130.1 22.94161 14
130.2 22.96949 14
130.3 22.99557 14
130.4 23.02354 14
130.5 23.05003 14
130.6 23.07325 14
130.7 22.88910 14
130.8 22.91502 14
130.9 22.94152 14
131.0 23.07335 14
131.1 22.88918 14
131.2 22.91490 14
131.3 22.94144 14
131.4 22.96923 14
131.5 22.99521 14
131.6 23.02014 14
131.7 23.04975 14
131.8 23.07288 14
131.9 22.88863 14
132.0 22.91446 14
132.1 22.94086 14
132.2 23.07287 14
132.3 22.88861 14
132.4 22.91424 14
132.5 22.94043 14
132.6 22.96812 14
132.7 22.99266 14
132.8 23.01937 14
132.9 23.04868 14
133.0 23.07192 14
133.1 22.88440 14
133.2 22.91331 14
133.3 22.93961 14
133.4 23.07155 14
133.5 22.88429 14
133.6 22.91300 14
133.7 22.93910 14
133.8 22.96669 14
133.9 22.99115 14
134.0 23.01611 14
134.1 23.04566 14
134.2 23.07040 14
134.3 22.88278 14
134.4 22.91160 14
134.5 22.93754 14
134.6 23.06947 14
134.7 22.88260 14
134.8 22.91122 14
134.9 22.93565 14
135.0 22.96156 14
135.1 22.98908 14
135.2 23.01395 14
135.3 23.04025 14
135.4 23.06811 14
135.5 22.88038 14
135.6 22.90790 14
135.7 22.93363 14
135.8 23.06706 14
135.9 22.87987 14
136.0 22.90770 14
136.1 22.93164 14
136.2 22.95757 14
136.3 22.98487 14
136.4 23.01080 14
136.5 23.03726 14
136.6 23.06395 14
136.7 22.87770 14
136.8 22.90513 14
136.9 22.92916 14
137.0 23.06236 14
137.1 22.87656 14
137.2 22.90275 14
137.3 22.92872 14
137.4 22.95432 14
137.5 22.97992 14
137.6 23.00764 14
137.7 23.03397 14
137.8 23.06026 14
137.9 22.87452 14
138.0 22.90025 14
138.1 22.92419 14
138.2 23.05866 14
138.3 22.86967 14
138.4 22.89770 14
138.5 22.92317 14
138.6 22.94926 14
138.7 22.97487 14
138.8 23.00378 14
138.9 23.02816 14
139.0 23.05457 14
139.1 22.86555 14
139.2 22.89323 14
139.3 22.91851 14
139.4 22.94597 14
139.5 22.86387 14
139.6 22.89152 14
139.7 22.91741 14
139.8 22.94337 14
139.9 22.97082 14
140.0 22.99616 14
140.1 23.02071 14
140.2 23.05003 14
140.3 23.07301 14
140.4 22.88553 14
140.5 22.91421 14
140.6 22.93995 14
140.7 23.07134 14
140.8 22.88381 14
140.9 22.91226 14
141.0 22.93840 14
141.1 22.96259 14
141.2 22.98997 14
141.3 23.01438 14
141.4 23.04022 14
141.5 23.06792 14
141.6 22.88002 14
141.7 22.90771 14
141.8 22.93169 14
141.9 23.06469 14
142.0 22.87834 14
142.1 22.90578 14
142.2 22.93008 14
142.3 22.95587 14
142.4 22.98118 14
142.5 23.00886 14
142.6 23.03482 14
142.7 23.06075 14
142.8 22.87464 14
142.9 22.89887 14
143.0 22.92452 14
143.1 22.95020 14
143.2 22.86960 14
143.3 22.89568 14
143.4 22.92237 14
143.5 22.94841 14
143.6 22.97398 14
143.7 22.99964 14
143.8 23.02719 14
143.9 23.05324 14
144.0 22.86355 14
144.1 22.89117 14
144.2 22.91640 14
144.3 22.94253 14
144.4 23.07394 14
144.5 22.88614 14
144.6 22.91462 14
144.7 22.94020 14
144.8 22.96605 14
144.9 22.99155 14
145.0 23.01602 14
145.1 23.04193 14
145.2 23.06936 14
145.3 22.88120 14
145.4 22.90861 14
145.5 22.93233 14
145.6 23.06571 14
145.7 22.87942 14
145.8 22.90659 14
145.9 22.93063 14
146.0 22.95615 14
146.1 22.98119 14
146.2 23.00893 14
146.3 23.03496 14
146.4 23.06075 14
146.5 22.87459 14
146.6 22.89856 14
146.7 22.92393 14
146.8 22.94934 14
146.9 22.86720 14
147.0 22.89502 14
147.1 22.92174 14
147.2 22.94720 14
147.3 22.97281 14
147.4 22.99794 14
147.5 23.02583 14
147.6 23.05195 14
147.7 23.07453 14
147.8 22.88652 14
147.9 22.91466 14
148.0 22.94052 14
148.1 23.07169 14
148.2 22.88375 14
148.3 22.91257 14
148.4 22.93661 14
148.5 22.96184 14
148.6 22.98739 14
148.7 23.01275 14
148.8 23.03865 14
148.9 23.06513 14
149.0 22.87863 14
149.1 22.90386 14
149.2 22.92762 14
149.3 23.06186 14
149.4 22.87563 14
149.5 22.89993 14
149.6 22.92505 14
149.7 22.95101 14
149.8 22.97613 14
149.9 23.00489 14
