15.0 1.51130 13
15.1 1.51876 13
15.2 1.52621 13
15.3 1.53366 13
15.4 1.54112 13
15.5 1.54856 13
15.6 1.55601 13
15.7 1.56346 13
15.8 1.57090 13
15.9 1.57834 13
16.0 1.58578 13
16.1 1.59322 13
16.2 1.60065 13
16.3 1.60809 13
16.4 1.61552 13
16.5 1.62295 13
16.6 1.63037 13
16.7 1.63780 13
16.8 1.64522 13
16.9 1.65264 13
17.0 1.66005 13
17.1 1.66747 13
17.2 1.67488 13
17.3 1.68229 13
17.4 1.68969 13
17.5 1.69710 13
17.6 1.70450 13
17.7 1.71190 13
17.8 1.71929 13
17.9 1.72668 13
18.0 1.73407 13
18.1 1.74146 13
18.2 1.74884 13
18.3 1.75870 13
18.4 1.77026 13
18.5 1.78190 13
18.6 1.79362 13
18.7 1.80543 13
18.8 1.81732 13
18.9 1.82929 13
19.0 1.84134 13
19.1 1.85348 13
19.2 1.86570 13
19.3 1.87801 13
19.4 1.89040 13
19.5 1.90288 13
19.6 1.91545 13
19.7 1.92810 13
19.8 1.94085 13
19.9 1.95368 13
20.0 1.96659 13
20.1 1.97960 13
20.2 1.99270 13
20.3 18.24920 14
20.4 18.31675 14
20.5 18.38337 14
20.6 18.44902 14
20.7 18.51534 14
20.8 18.58219 14
20.9 18.64826 14
21.0 18.70700 14
21.1 18.77152 14
21.2 18.83504 14
21.3 18.89927 14
21.4 18.96418 14
21.5 19.02820 14
21.6 19.09129 14
21.7 19.15339 14
21.8 19.21449 14
21.9 19.26809 14
22.0 19.33050 14
22.1 19.39199 14
22.2 19.45252 14
22.3 19.51205 14
22.4 19.57053 14
22.5 19.62813 14
22.6 19.68825 14
22.7 19.74744 14
22.8 19.79711 14
22.9 19.85408 14
23.0 5.74950 14
23.1 5.85877 14
23.2 5.96910 14
23.3 6.08052 14
23.4 6.19299 14
23.5 6.30649 14
23.6 6.42100 14
23.7 6.53594 14
23.8 6.65230 14
23.9 6.76989 14
24.0 6.88848 14
24.1 7.00802 14
24.2 7.12851 14
24.3 7.24991 14
24.4 7.37219 14
24.5 7.49420 14
24.6 7.61865 14
24.7 7.74400 14
24.8 7.87022 14
24.9 7.99727 14
25.0 8.12514 14
25.1 8.25379 14
25.2 8.38338 14
25.3 8.51239 14
25.4 8.64408 14
25.5 8.77654 14
25.6 8.90974 14
25.7 9.04365 14
25.8 9.17822 14
25.9 9.31353 14
26.0 9.45058 14
26.1 9.58836 14
26.2 9.72369 14
26.3 9.86259 14
26.4 10.00207 14
26.5 10.14211 14
26.6 10.28266 14
26.7 10.42494 14
26.8 10.56818 14
26.9 10.71200 14
27.0 10.85216 14
27.1 10.99677 14
27.2 11.14181 14
27.3 11.28724 14
27.4 11.43352 14
27.5 11.58177 14
27.6 11.73048 14
27.7 11.87961 14
27.8 12.02370 14
27.9 12.17326 14
28.0 12.32310 14
28.1 12.47314 14
28.2 12.62470 14
28.3 12.77783 14
28.4 12.93125 14
28.5 13.08494 14
28.6 13.23200 14
28.7 13.38576 14
28.8 13.53958 14
28.9 13.69343 14
29.0 13.84916 14
29.1 14.00635 14
29.2 14.16370 14
29.3 14.32113 14
29.4 14.47861 14
29.5 14.62732 14
29.6 14.78432 14
29.7 14.94114 14
29.8 15.09943 14
29.9 15.25987 14
30.0 15.42030 14
30.1 15.58063 14
30.2 15.74084 14
30.3 15.89026 14
30.4 16.04957 14
30.5 16.20850 14
30.6 16.36727 14
30.7 16.53008 14
30.8 16.69273 14
30.9 16.85513 14
31.0 17.00499 14
31.1 17.16624 14
31.2 17.32702 14
31.3 17.48723 14
31.4 17.64679 14
31.5 17.80813 14
31.6 17.97214 14
31.7 18.13570 14
31.8 18.28430 14
31.9 18.44623 14
32.0 18.60751 14
32.1 18.76803 14
32.2 18.92772 14
32.3 19.08645 14
32.4 19.24817 14
32.5 19.39538 14
32.6 19.55794 14
32.7 19.71976 14
32.8 19.88069 14
32.9 20.04060 14
33.0 20.19952 14
33.1 20.35728 14
33.2 20.49496 14
33.3 20.65333 14
33.4 20.74505 14
33.5 20.90532 14
33.6 21.06462 14
33.7 21.22264 14
33.8 21.37947 14
33.9 21.40130 14
34.0 21.55432 14
34.1 21.70584 14
34.2 21.85676 14
34.3 22.01418 14
34.4 22.05101 14
34.5 22.18171 14
34.6 22.23185 14
34.7 22.22106 14
34.8 22.20846 14
34.9 22.07157 14
35.0 22.03114 14
35.1 22.01326 14
35.2 21.99815 14
35.3 21.86230 14
35.4 21.82452 14
35.5 21.81030 14
35.6 21.79440 14
35.7 21.75113 14
35.8 21.60507 14
35.9 21.58391 14
36.0 21.53473 14
36.1 21.40512 14
36.2 21.38155 14
36.3 21.23373 14
36.4 21.21281 14
36.5 21.19020 14
36.6 21.16589 14
36.7 21.13977 14
36.8 21.11186 14
36.9 20.95301 14
37.0 20.92175 14
37.1 20.88840 14
37.2 20.85643 14
37.3 20.83057 14
37.4 20.67220 14
37.5 20.64378 14
37.6 20.61373 14
37.7 20.58161 14
37.8 20.54778 14
37.9 19.85454 14
38.0 18.42750 14
38.1 16.34783 14
38.2 14.89641 14
38.3 14.90143 14
38.4 14.91054 14
38.5 14.89479 14
38.6 14.77937 14
38.7 14.74135 14
38.8 14.71466 14
38.9 14.72060 14
39.0 14.70219 14
39.1 14.58246 14
39.2 14.53702 14
39.3 14.53038 14
39.4 14.50367 14
39.5 14.47890 14
39.6 14.39562 14
39.7 14.35399 14
39.8 14.34831 14
39.9 14.32079 14
40.0 14.23954 14
40.1 14.23335 14
40.2 14.18486 14
40.3 14.15014 14
40.4 14.10947 14
40.5 13.89498 14
40.6 13.95781 14
40.7 13.60426 14
40.8 13.55665 14
40.9 13.64511 14
41.0 13.33435 14
41.1 13.21415 14
41.2 13.00395 14
41.3 12.98222 14
41.4 13.07568 14
41.5 12.84615 14
41.6 12.94751 14
41.7 13.16075 14
41.8 13.22421 14
41.9 13.37013 14
42.0 13.41679 14
42.1 13.45843 14
42.2 13.55809 14
42.3 13.66541 14
42.4 13.77414 14
42.5 13.88360 14
42.6 14.07417 14
42.7 14.18057 14
42.8 14.21086 14
42.9 14.26978 14
43.0 14.29876 14
43.1 14.32505 14
43.2 14.35119 14
43.3 14.38765 14
43.4 14.43024 14
43.5 14.47286 14
43.6 14.51547 14
43.7 14.55811 14
43.8 14.64737 14
43.9 14.71465 14
44.0 14.70809 14
44.1 14.77724 14
44.2 14.81603 14
44.3 14.84323 14
44.4 14.86935 14
44.5 14.89677 14
44.6 14.93721 14
44.7 14.98003 14
44.8 15.02283 14
44.9 15.06566 14
45.0 15.10850 14
45.1 15.19902 14
45.2 15.27102 14
45.3 15.26094 14
45.4 15.32828 14
45.5 15.37262 14
45.6 15.40026 14
45.7 15.42634 14
45.8 15.45268 14
45.9 15.48913 14
46.0 15.53214 14
46.1 15.57514 14
46.2 15.61818 14
46.3 15.66121 14
46.4 15.70429 14
46.5 15.78202 14
46.6 15.85041 14
46.7 15.85870 14
46.8 15.93236 14
46.9 15.97028 14
47.0 15.99700 14
47.1 16.02330 14
47.2 16.04951 14
47.3 16.08649 14
47.4 16.12970 14
47.5 16.17292 14
47.6 16.21614 14
47.7 16.25940 14
47.8 16.30268 14
47.9 16.39413 14
48.0 16.47549 14
48.1 16.46017 14
48.2 16.52261 14
48.3 16.57915 14
48.4 16.60861 14
48.5 16.63456 14
48.6 16.66066 14
48.7 16.68891 14
48.8 16.72983 14
48.9 16.77325 14
49.0 16.81669 14
49.1 16.86014 14
49.2 16.90361 14
49.3 16.94710 14
49.4 17.04078 14
49.5 17.13136 14
49.6 17.10949 14
49.7 17.16464 14
49.8 17.22979 14
49.9 17.26147 14
50.0 17.28786 14
50.1 17.31418 14
50.2 17.34003 14
50.3 17.37606 14
50.4 17.41969 14
50.5 17.46333 14
50.6 17.50699 14
50.7 17.55066 14
50.8 17.59435 14
50.9 17.63805 14
51.0 17.72419 14
51.1 17.81151 14
51.2 17.79913 14
51.3 17.86182 14
51.4 17.92650 14
51.5 17.95806 14
51.6 17.98428 14
51.7 18.00999 14
51.8 18.03600 14
51.9 18.06888 14
52.0 18.11273 14
52.1 18.15660 14
52.2 18.20033 14
52.3 18.24389 14
52.4 18.28744 14
52.5 18.33100 14
52.6 18.37461 14
52.7 18.44793 14
52.8 18.52618 14
52.9 18.53566 14
53.0 18.61030 14
53.1 18.66569 14
53.2 18.69473 14
53.3 18.72070 14
53.4 18.74590 14
53.5 18.77101 14
53.6 18.80372 14
53.7 18.84741 14
53.8 18.89115 14
53.9 18.93487 14
54.0 18.97860 14
54.1 19.02237 14
54.2 19.06612 14
54.3 19.10992 14
54.4 19.19944 14
54.5 19.30607 14
54.6 19.28017 14
54.7 19.32547 14
54.8 19.40381 14
54.9 19.44780 14
55.0 19.47506 14
55.1 19.50015 14
55.2 19.52538 14
55.3 19.55013 14
55.4 19.58451 14
55.5 19.62841 14
55.6 19.67234 14
55.7 19.71626 14
55.8 19.76022 14
55.9 19.80416 14
56.0 19.84814 14
56.1 19.89210 14
56.2 19.93611 14
56.3 20.01121 14
56.4 20.09188 14
56.5 20.10193 14
56.6 20.17461 14
56.7 20.24050 14
56.8 20.27576 14
56.9 20.30164 14
57.0 20.32661 14
57.1 20.35103 14
57.2 20.37620 14
57.3 20.41266 14
57.4 20.45676 14
57.5 20.50090 14
57.6 20.54502 14
57.7 20.58918 14
57.8 20.63336 14
57.9 20.67751 14
58.0 20.72171 14
58.1 20.76591 14
58.2 20.84914 14
58.3 20.96315 14
58.4 20.93908 14
58.5 20.98456 14
58.6 21.06766 14
58.7 21.12148 14
58.8 21.15221 14
58.9 21.17682 14
59.0 21.20129 14
59.1 21.22563 14
59.2 21.25136 14
59.3 21.28863 14
59.4 21.33297 14
59.5 21.37732 14
59.6 21.42168 14
59.7 21.46602 14
59.8 21.51040 14
59.9 21.55479 14
60.0 21.59920 14
60.1 21.64361 14
60.2 21.68801 14
60.3 21.76515 14
60.4 21.85100 14
60.5 21.85924 14
60.6 21.92530 14
60.7 22.00222 14
60.8 22.04995 14
60.9 22.07917 14
61.0 22.10350 14
61.1 22.12741 14
61.2 22.15122 14
61.3 22.17600 14
61.4 22.21300 14
61.5 22.25755 14
61.6 22.30211 14
61.7 22.34668 14
61.8 22.39127 14
61.9 22.43586 14
62.0 22.48047 14
62.1 22.52505 14
62.2 22.56967 14
62.3 22.61431 14
62.4 22.65896 14
62.5 22.85681 14
62.6 22.80846 14
62.7 22.83332 14
62.8 22.90738 14
62.9 22.98142 14
63.0 23.03083 14
63.1 23.06058 14
63.2 23.08437 14
63.3 23.10727 14
63.4 23.13046 14
63.5 23.15359 14
63.6 23.18702 14
63.7 23.23102 14
63.8 23.27580 14
63.9 23.32059 14
64.0 23.36539 14
64.1 23.41020 14
64.2 23.45502 14
64.3 23.49985 14
64.4 23.54469 14
64.5 23.58954 14
64.6 23.63440 14
64.7 23.67927 14
64.8 23.89050 14
64.9 23.83482 14
65.0 23.85620 14
65.1 23.92495 14
65.2 24.00550 14
65.3 24.06577 14
65.4 24.09770 14
65.5 24.12289 14
65.6 24.14561 14
65.7 24.16813 14
65.8 24.19056 14
65.9 24.21614 14
66.0 24.25392 14
66.1 24.29892 14
66.2 24.34393 14
66.3 24.38898 14
66.4 24.43401 14
66.5 24.47905 14
66.6 24.52410 14
66.7 24.56916 14
66.8 24.61423 14
66.9 24.65931 14
67.0 24.70440 14
67.1 24.74950 14
67.2 24.83337 14
67.3 24.94080 14
67.4 24.93360 14
67.5 24.97903 14
67.6 25.06221 14
67.7 25.14334 14
67.8 25.19412 14
67.9 25.22303 14
68.0 25.24706 14
68.1 25.26891 14
68.2 25.29057 14
68.3 25.31213 14
68.4 25.33549 14
68.5 25.37207 14
68.6 25.41730 14
68.7 25.46255 14
68.8 25.50780 14
68.9 25.55307 14
69.0 25.59834 14
69.1 25.64363 14
69.2 25.68895 14
69.3 25.73426 14
69.4 25.77957 14
69.5 25.82489 14
69.6 25.87022 14
69.7 25.91556 14
69.8 26.00143 14
69.9 26.11936 14
70.0 26.10546 14
70.1 26.14609 14
70.2 26.22450 14
70.3 26.31323 14
70.4 26.37996 14
70.5 26.41406 14
70.6 26.43822 14
70.7 26.46033 14
70.8 26.48105 14
70.9 26.50206 14
71.0 26.52263 14
71.1 26.54836 14
71.2 26.58671 14
71.3 26.63219 14
71.4 26.67772 14
71.5 26.72322 14
71.6 26.76873 14
71.7 26.81425 14
71.8 26.85978 14
71.9 26.90536 14
72.0 26.95091 14
72.1 26.99647 14
72.2 27.04203 14
72.3 27.08764 14
72.4 27.13323 14
72.5 27.17882 14
72.6 27.47517 14
72.7 27.37321 14
72.8 27.36990 14
72.9 27.41359 14
73.0 27.49286 14
73.1 27.58657 14
73.2 27.66405 14
73.3 27.70195 14
73.4 27.72661 14
73.5 27.74877 14
73.6 27.76834 14
73.7 27.78783 14
73.8 27.80712 14
73.9 27.82683 14
74.0 27.85795 14
74.1 27.89930 14
74.2 27.94508 14
74.3 27.99084 14
74.4 28.03660 14
74.5 28.08237 14
74.6 28.12819 14
74.7 28.17398 14
74.8 28.21978 14
74.9 28.26562 14
75.0 28.31144 14
75.1 28.35726 14
75.2 28.40310 14
75.3 28.44898 14
75.4 28.49483 14
75.5 28.54069 14
75.6 28.83487 14
75.7 28.72777 14
75.8 28.73355 14
75.9 28.77960 14
76.0 28.85871 14
76.1 28.95920 14
76.2 29.04962 14
76.3 29.09387 14
76.4 29.11994 14
76.5 29.14094 14
76.6 29.16034 14
76.7 29.17836 14
76.8 29.19675 14
76.9 29.21450 14
77.0 29.23212 14
77.1 29.26810 14
77.2 29.31135 14
77.3 29.35737 14
77.4 29.40343 14
77.5 29.44947 14
77.6 29.49552 14
77.7 29.54161 14
77.8 29.58767 14
77.9 29.63374 14
78.0 29.67986 14
78.1 29.72595 14
78.2 29.77205 14
78.3 29.81819 14
78.4 29.86431 14
78.5 29.91047 14
78.6 29.95660 14
78.7 30.00274 14
78.8 30.33500 14
78.9 30.20188 14
79.0 30.20210 14
79.1 30.24289 14
79.2 30.31137 14
79.3 30.40354 14
79.4 30.52797 14
79.5 30.59367 14
79.6 30.62762 14
79.7 30.64961 14
79.8 30.66827 14
79.9 30.68576 14
80.0 30.70188 14
80.1 30.71842 14
80.2 30.73426 14
80.3 30.75000 14
80.4 30.78262 14
80.5 30.82444 14
80.6 30.87079 14
80.7 30.91710 14
80.8 30.96347 14
80.9 31.00980 14
81.0 31.05614 14
81.1 31.10253 14
81.2 31.14889 14
81.3 31.19530 14
81.4 31.24168 14
81.5 31.28806 14
81.6 31.33450 14
81.7 31.38090 14
81.8 31.42735 14
81.9 31.47377 14
82.0 31.52024 14
82.1 31.56667 14
82.2 31.61312 14
82.3 31.90514 14
82.4 31.79636 14
82.5 31.81293 14
82.6 31.85836 14
82.7 31.92925 14
82.8 32.02351 14
82.9 32.16888 14
83.0 32.24636 14
83.1 32.28526 14
83.2 32.30863 14
83.3 32.32576 14
83.4 32.34140 14
83.5 32.35625 14
83.6 32.37053 14
83.7 32.38403 14
83.8 32.39740 14
83.9 32.41127 14
84.0 32.44459 14
84.1 32.48705 14
84.2 32.53367 14
84.3 32.58034 14
84.4 32.62698 14
84.5 32.67367 14
84.6 32.72033 14
84.7 32.76703 14
84.8 32.81371 14
84.9 32.86043 14
85.0 32.90712 14
85.1 32.95381 14
85.2 33.00056 14
85.3 33.04728 14
85.4 33.09404 14
85.5 33.14077 14
85.6 33.18756 14
85.7 33.23430 14
85.8 33.28110 14
85.9 33.32787 14
86.0 33.37468 14
86.1 33.60266 14
86.2 33.55173 14
86.3 33.57613 14
86.4 33.62472 14
86.5 33.69693 14
86.6 33.79193 14
86.7 33.96131 14
86.8 34.05961 14
86.9 34.10919 14
87.0 34.13663 14
87.1 34.15338 14
87.2 34.16717 14
87.3 34.17878 14
87.4 34.19044 14
87.5 34.20162 14
87.6 34.21258 14
87.7 34.22265 14
87.8 34.23331 14
87.9 34.26080 14
88.0 34.30211 14
88.1 34.34907 14
88.2 34.39608 14
88.3 34.44306 14
88.4 34.49009 14
88.5 34.53601 14
88.6 34.58171 14
88.7 34.62737 14
88.8 34.67311 14
88.9 34.71881 14
89.0 34.76458 14
89.1 34.81031 14
89.2 34.85612 14
89.3 34.90189 14
89.4 34.94773 14
89.5 34.99358 14
89.6 35.03941 14
89.7 35.08530 14
89.8 35.13116 14
89.9 35.17709 14
90.0 35.22299 14
90.1 35.26895 14
90.2 35.31488 14
90.3 35.36088 14
90.4 35.40685 14
90.5 35.45289 14
90.6 35.68312 14
90.7 35.64278 14
90.8 35.66132 14
90.9 35.69887 14
91.0 35.74970 14
91.1 35.81505 14
91.2 35.90072 14
91.3 36.02296 14
91.4 36.17541 14
91.5 36.27091 14
91.6 36.32788 14
91.7 36.36307 14
91.8 36.38761 14
91.9 36.40689 14
92.0 36.42357 14
92.1 36.43908 14
92.2 36.45327 14
92.3 36.46793 14
92.4 36.48241 14
92.5 36.49676 14
92.6 36.51033 14
92.7 36.52465 14
92.8 36.53822 14
92.9 36.56070 14
93.0 36.60110 14
93.1 36.64413 14
93.2 36.69063 14
93.3 36.73710 14
93.4 36.78364 14
93.5 36.83014 14
93.6 36.87671 14
93.7 36.92325 14
93.8 36.96986 14
93.9 37.01649 14
94.0 37.06309 14
94.1 37.10975 14
94.2 37.15638 14
94.3 37.20309 14
94.4 37.24975 14
94.5 37.29649 14
94.6 37.34325 14
94.7 37.38997 14
94.8 37.43677 14
94.9 37.48353 14
95.0 37.53036 14
95.1 37.57721 14
95.2 37.62402 14
95.3 37.67091 14
95.4 37.71776 14
95.5 37.76468 14
95.6 37.81157 14
95.7 37.85853 14
95.8 37.90551 14
95.9 37.95246 14
96.0 38.11464 14
96.1 38.12575 14
96.2 38.15883 14
96.3 38.20562 14
96.4 38.26560 14
96.5 38.34283 14
96.6 38.43783 14
96.7 38.59722 14
96.8 38.74046 14
96.9 38.82971 14
97.0 38.88273 14
97.1 38.91568 14
97.2 38.93879 14
97.3 38.95767 14
97.4 38.97250 14
97.5 38.98688 14
97.6 38.99991 14
97.7 39.01340 14
97.8 39.02756 14
97.9 39.03992 14
98.0 39.05305 14
98.1 39.06539 14
98.2 39.07851 14
98.3 39.09164 14
98.4 39.12781 14
98.5 39.16921 14
98.6 39.21496 14
98.7 39.26246 14
98.8 39.30997 14
98.9 39.35745 14
99.0 39.40501 14
99.1 39.45258 14
99.2 39.50012 14
99.3 39.54773 14
99.4 39.59530 14
99.5 39.64295 14
99.6 39.69062 14
99.7 39.73825 14
99.8 39.78596 14
99.9 39.83362 14
100.0 39.88137 14
100.1 39.92913 14
100.2 39.97686 14
100.3 40.02466 14
100.4 40.07248 14
100.5 40.12026 14
100.6 40.16812 14
100.7 40.21594 14
100.8 40.26384 14
100.9 40.31175 14
101.0 40.35963 14
101.1 40.40759 14
101.2 40.45556 14
101.3 40.50350 14
101.4 40.55151 14
101.5 40.59954 14
101.6 40.78344 14
101.7 40.78657 14
101.8 40.81397 14
101.9 40.85699 14
102.0 40.91225 14
102.1 40.98221 14
102.2 41.07358 14
102.3 41.17033 14
102.4 41.36826 14
102.5 41.50485 14
102.6 41.58903 14
102.7 41.63967 14
102.8 41.67155 14
102.9 41.69299 14
103.0 41.71088 14
103.1 41.72536 14
103.2 41.73782 14
103.3 41.75042 14
103.4 41.76269 14
103.5 41.77399 14
103.6 41.78682 14
103.7 41.79787 14
103.8 41.80972 14
103.9 41.82157 14
104.0 41.83343 14
104.1 41.85289 14
104.2 41.89539 14
104.3 41.93790 14
104.4 41.98568 14
104.5 42.03427 14
104.6 42.08288 14
104.7 42.13150 14
104.8 42.18009 14
104.9 42.22875 14
105.0 42.27744 14
105.1 42.32608 14
105.2 42.37481 14
105.3 42.42355 14
105.4 42.47226 14
105.5 42.52104 14
105.6 42.56984 14
105.7 42.61866 14
105.8 42.66745 14
105.9 42.71631 14
106.0 42.76519 14
106.1 42.81403 14
106.2 42.86295 14
106.3 42.91189 14
106.4 42.96085 14
106.5 43.00977 14
106.6 43.05877 14
106.7 43.10779 14
106.8 43.15677 14
106.9 43.20583 14
107.0 43.25491 14
107.1 43.30401 14
107.2 43.35307 14
107.3 43.40221 14
107.4 43.45137 14
107.5 43.50048 14
107.6 43.66369 14
107.7 43.68052 14
107.8 43.71612 14
107.9 43.76475 14
108.0 43.82564 14
108.1 43.90179 14
108.2 44.00297 14
108.3 44.10338 14
108.4 44.31782 14
108.5 44.46627 14
108.6 44.50000 14
108.7 44.50000 14
108.8 44.50000 14
108.9 44.50000 14
109.0 44.50000 14
109.1 44.50000 14
109.2 44.50000 14
109.3 44.50000 14
109.4 44.50000 14
109.5 44.50000 14
109.6 44.50000 14
109.7 44.50000 14
109.8 44.50000 14
109.9 44.50000 14
110.0 44.50000 14
110.1 44.50000 14
110.2 44.50000 14
110.3 44.50000 14
110.4 44.50000 14
110.5 44.50000 14
110.6 44.50000 14
110.7 44.50000 14
110.8 44.50000 14
110.9 44.50000 14
111.0 44.50000 14
111.1 44.50000 14
111.2 44.50000 14
111.3 44.50000 14
111.4 44.50000 14
111.5 44.50000 14
111.6 44.50000 14
111.7 44.50000 14
111.8 44.50000 14
111.9 44.50000 14
112.0 44.50000 14
112.1 44.50000 14
112.2 44.50000 14
112.3 44.50000 14
112.4 44.50000 14
112.5 44.50000 14
112.6 44.50000 14
112.7 44.50000 14
112.8 44.50000 14
112.9 44.50000 14
113.0 44.50000 14
113.1 44.50000 14
113.2 44.50000 14
113.3 44.50000 14
113.4 44.50000 14
113.5 44.50000 14
113.6 44.50000 14
113.7 44.50000 14
113.8 44.50000 14
113.9 44.50000 14
114.0 44.50000 14
114.1 44.50000 14
114.2 44.50000 14
114.3 44.50000 14
114.4 44.50000 14
114.5 44.50000 14
114.6 44.50000 14
114.7 44.50000 14
114.8 44.50000 14
114.9 44.50000 14
115.0 44.50000 14
115.1 44.50000 14
115.2 44.50000 14
115.3 44.50000 14
115.4 44.50000 14
115.5 44.50000 14
115.6 44.50000 14
115.7 44.50000 14
115.8 44.50000 14
115.9 44.50000 14
116.0 44.50000 14
116.1 44.50000 14
116.2 44.50000 14
116.3 44.50000 14
116.4 44.50000 14
116.5 44.50000 14
116.6 44.50000 14
116.7 44.50000 14
116.8 44.50000 14
116.9 44.50000 14
117.0 44.50000 14
117.1 44.50000 14
117.2 44.50000 14
117.3 44.50000 14
117.4 44.50000 14
117.5 44.50000 14
117.6 44.50000 14
117.7 44.50000 14
117.8 44.50000 14
117.9 44.50000 14
118.0 44.50000 14
118.1 44.50000 14
118.2 44.50000 14
118.3 44.50000 14
118.4 44.50000 14
118.5 44.50000 14
118.6 44.50000 14
118.7 44.50000 14
118.8 44.50000 14
118.9 44.50000 14
119.0 44.50000 14
119.1 44.50000 14
119.2 44.50000 14
119.3 44.50000 14
119.4 44.50000 14
119.5 44.50000 14
119.6 44.50000 14
119.7 44.50000 14
119.8 44.50000 14
119.9 44.50000 14
120.0 44.50000 14
120.1 44.50000 14
120.2 44.50000 14
120.3 44.50000 14
120.4 44.50000 14
120.5 44.50000 14
120.6 44.50000 14
120.7 44.50000 14
120.8 44.50000 14
120.9 44.50000 14
121.0 44.50000 14
121.1 44.50000 14
121.2 44.50000 14
121.3 44.50000 14
121.4 44.50000 14
121.5 44.50000 14
121.6 44.50000 14
121.7 44.50000 14
121.8 44.50000 14
121.9 44.50000 14
122.0 44.50000 14
122.1 44.50000 14
122.2 44.50000 14
122.3 44.50000 14
122.4 44.50000 14
122.5 44.50000 14
122.6 44.50000 14
122.7 44.50000 14
122.8 44.50000 14
122.9 44.50000 14
123.0 44.50000 14
123.1 44.50000 14
123.2 44.50000 14
123.3 44.50000 14
123.4 44.50000 14
123.5 44.50000 14
123.6 44.50000 14
123.7 44.50000 14
123.8 44.50000 14
123.9 44.50000 14
124.0 44.50000 14
124.1 44.50000 14
124.2 44.50000 14
124.3 44.50000 14
124.4 44.50000 14
124.5 44.50000 14
124.6 44.50000 14
124.7 44.50000 14
124.8 44.50000 14
124.9 44.50000 14
125.0 44.50000 14
125.1 44.50000 14
125.2 44.50000 14
125.3 44.50000 14
125.4 44.50000 14
125.5 44.50000 14
125.6 44.50000 14
125.7 44.50000 14
125.8 44.50000 14
125.9 44.50000 14
126.0 44.50000 14
126.1 44.50000 14
126.2 44.50000 14
126.3 44.50000 14
126.4 44.50000 14
126.5 44.50000 14
126.6 44.50000 14
126.7 44.50000 14
126.8 44.50000 14
126.9 44.50000 14
127.0 44.50000 14
127.1 44.50000 14
127.2 44.50000 14
127.3 44.50000 14
127.4 44.50000 14
127.5 44.50000 14
127.6 44.50000 14
127.7 44.50000 14
127.8 44.50000 14
127.9 44.50000 14
128.0 44.50000 14
128.1 44.50000 14
128.2 44.50000 14
128.3 44.50000 14
128.4 44.50000 14
128.5 44.50000 14
128.6 44.50000 14
128.7 44.50000 14
128.8 44.50000 14
128.9 44.50000 14
129.0 44.50000 14
129.1 44.50000 14
129.2 44.50000 14
129.3 44.50000 14
129.4 44.50000 14
129.5 44.50000 14
129.6 44.50000 14
129.7 44.50000 14
129.8 44.50000 14
129.9 44.50000 14
130.0 44.50000 14
130.1 44.50000 14
130.2 44.50000 14
130.3 44.50000 14
130.4 44.50000 14
130.5 44.50000 14
130.6 44.50000 14
130.7 44.50000 14
130.8 44.50000 14
130.9 44.50000 14
131.0 44.50000 14
131.1 44.50000 14
131.2 44.50000 14
131.3 44.50000 14
131.4 44.50000 14
131.5 44.50000 14
131.6 44.50000 14
131.7 44.50000 14
131.8 44.50000 14
131.9 44.50000 14
132.0 44.50000 14
132.1 44.50000 14
132.2 44.50000 14
132.3 44.50000 14
132.4 44.50000 14
132.5 44.50000 14
132.6 44.50000 14
132.7 44.50000 14
132.8 44.50000 14
132.9 44.50000 14
133.0 44.50000 14
133.1 44.50000 14
133.2 44.50000 14
133.3 44.50000 14
133.4 44.50000 14
133.5 44.50000 14
133.6 44.50000 14
133.7 44.50000 14
133.8 44.50000 14
133.9 44.50000 14
134.0 44.50000 14
134.1 44.50000 14
134.2 44.50000 14
134.3 44.50000 14
134.4 44.50000 14
134.5 44.50000 14
134.6 44.50000 14
134.7 44.50000 14
134.8 44.50000 14
134.9 44.50000 14
135.0 44.50000 14
135.1 44.50000 14
135.2 44.50000 14
135.3 44.50000 14
135.4 44.50000 14
135.5 44.50000 14
135.6 44.50000 14
135.7 44.50000 14
135.8 44.50000 14
135.9 44.50000 14
136.0 44.50000 14
136.1 44.50000 14
136.2 44.50000 14
136.3 44.50000 14
136.4 44.50000 14
136.5 44.50000 14
136.6 44.50000 14
136.7 44.50000 14
136.8 44.50000 14
136.9 44.50000 14
137.0 44.50000 14
137.1 44.50000 14
137.2 44.50000 14
137.3 44.50000 14
137.4 44.50000 14
137.5 44.50000 14
137.6 44.50000 14
137.7 44.50000 14
137.8 44.50000 14
137.9 44.50000 14
138.0 44.50000 14
138.1 44.50000 14
138.2 44.50000 14
138.3 44.50000 14
138.4 44.50000 14
138.5 44.50000 14
138.6 44.50000 14
138.7 44.50000 14
138.8 44.50000 14
138.9 44.50000 14
139.0 44.50000 14
139.1 44.50000 14
139.2 44.50000 14
139.3 44.50000 14
139.4 44.50000 14
139.5 44.50000 14
139.6 44.50000 14
139.7 44.50000 14
139.8 44.50000 14
139.9 44.50000 14
140.0 44.50000 14
140.1 44.50000 14
140.2 44.50000 14
140.3 44.50000 14
140.4 44.50000 14
140.5 44.50000 14
140.6 44.50000 14
140.7 44.50000 14
140.8 44.50000 14
140.9 44.50000 14
141.0 44.50000 14
141.1 44.50000 14
141.2 44.50000 14
141.3 44.50000 14
141.4 44.50000 14
141.5 44.50000 14
141.6 44.50000 14
141.7 44.50000 14
141.8 44.50000 14
141.9 44.50000 14
142.0 44.50000 14
142.1 44.50000 14
142.2 44.50000 14
142.3 44.50000 14
142.4 44.50000 14
142.5 44.50000 14
142.6 44.50000 14
142.7 44.50000 14
142.8 44.50000 14
142.9 44.50000 14
143.0 44.50000 14
143.1 44.50000 14
143.2 44.50000 14
143.3 44.50000 14
143.4 44.50000 14
143.5 44.50000 14
143.6 44.50000 14
143.7 44.50000 14
143.8 44.50000 14
143.9 44.50000 14
144.0 44.50000 14
144.1 44.50000 14
144.2 44.50000 14
144.3 44.50000 14
144.4 44.50000 14
144.5 44.50000 14
144.6 44.50000 14
144.7 44.50000 14
144.8 44.50000 14
144.9 44.50000 14
145.0 44.50000 14
145.1 44.50000 14
145.2 44.50000 14
145.3 44.50000 14
145.4 44.50000 14
145.5 44.50000 14
145.6 44.50000 14
145.7 44.50000 14
145.8 44.50000 14
145.9 44.50000 14
146.0 44.50000 14
146.1 44.50000 14
146.2 44.50000 14
146.3 44.50000 14
146.4 44.50000 14
146.5 44.50000 14
146.6 44.50000 14
146.7 44.50000 14
146.8 44.50000 14
146.9 44.50000 14
147.0 44.50000 14
147.1 44.50000 14
147.2 44.50000 14
147.3 44.50000 14
147.4 44.50000 14
147.5 44.50000 14
147.6 44.50000 14
147.7 44.50000 14
147.8 44.50000 14
147.9 44.50000 14
148.0 44.50000 14
148.1 44.50000 14
148.2 44.50000 14
148.3 44.50000 14
148.4 44.50000 14
148.5 44.50000 14
148.6 44.50000 14
148.7 44.50000 14
148.8 44.50000 14
148.9 44.50000 14
149.0 44.50000 14
149.1 44.50000 14
149.2 44.50000 14
149.3 44.50000 14
149.4 44.50000 14
149.5 44.50000 14
149.6 44.50000 14
149.7 44.50000 14
149.8 44.50000 14
149.9 44.50000 14
